time,lat,lon,hMSL,velN,velE,velD,hAcc,vAcc,sAcc,gpsFix,numSV
,(deg),(deg),(m),(m/s),(m/s),(m/s),(m),(m),(m/s),,,
2015-09-14T12:46:41.40Z,35.0163418,-79.1939860,94.288,-1.10,0.34,0.61,76.114,117.087,4.03,3,8
2015-09-14T12:46:41.80Z,35.0163587,-79.1940269,91.645,-1.30,-0.05,0.20,25.568,39.288,1.28,3,8
2015-09-14T12:46:42.00Z,35.0163473,-79.1940265,94.526,-1.10,0.05,0.03,15.213,17.591,0.69,3,10
2015-09-14T12:46:42.20Z,35.0163153,-79.1940146,94.715,-1.15,0.31,0.02,12.447,16.356,0.18,3,10
2015-09-14T12:46:42.40Z,35.0163008,-79.1940074,94.926,-1.05,0.56,0.14,9.104,12.699,0.16,3,10
2015-09-14T12:46:42.60Z,35.0162956,-79.1940083,94.103,-1.03,0.63,-0.18,6.947,9.996,0.15,3,10
2015-09-14T12:46:42.80Z,35.0162910,-79.1940073,93.553,-1.11,0.40,0.12,5.583,8.215,0.15,3,10
2015-09-14T12:46:43.00Z,35.0162955,-79.1940042,92.753,-1.23,-0.03,-0.05,4.544,6.775,0.17,3,10
2015-09-14T12:46:43.20Z,35.0162906,-79.1940042,91.315,-0.99,0.36,0.04,3.859,5.823,0.15,3,10
2015-09-14T12:46:43.40Z,35.0162821,-79.1940012,90.837,-1.03,0.56,0.26,3.356,5.119,0.16,3,10
2015-09-14T12:46:43.60Z,35.0162821,-79.1939955,90.531,-1.03,0.73,-0.03,2.980,4.549,0.14,3,10
2015-09-14T12:46:43.80Z,35.0162838,-79.1939931,89.948,-1.17,0.39,0.15,2.699,4.095,0.16,3,10
2015-09-14T12:46:44.00Z,35.0162835,-79.1939909,90.571,-1.26,0.08,0.20,2.461,3.733,0.17,3,10
2015-09-14T12:46:44.20Z,35.0162843,-79.1939917,90.604,-1.09,0.31,0.01,2.264,3.430,0.16,3,10
2015-09-14T12:46:44.40Z,35.0162821,-79.1939918,90.606,-1.16,0.31,0.16,2.100,3.199,0.16,3,9
2015-09-14T12:46:44.60Z,35.0162794,-79.1939901,90.991,-1.01,0.83,-0.02,1.956,2.968,0.15,3,10
2015-09-14T12:46:44.80Z,35.0162770,-79.1939905,90.786,-1.20,0.30,-0.02,1.866,2.831,0.20,3,9
2015-09-14T12:46:45.00Z,35.0162747,-79.1939906,90.804,-1.20,0.07,0.21,1.770,2.687,0.17,3,10
2015-09-14T12:46:45.20Z,35.0162723,-79.1939895,90.887,-1.14,0.10,-0.07,1.693,2.563,0.17,3,10
2015-09-14T12:46:45.40Z,35.0162706,-79.1939873,90.745,-1.21,0.56,0.12,1.618,2.451,0.15,3,10
2015-09-14T12:46:45.60Z,35.0162693,-79.1939850,90.710,-0.95,0.86,0.03,1.565,2.370,0.16,3,9
2015-09-14T12:46:45.80Z,35.0162678,-79.1939828,90.654,-0.99,0.72,0.04,1.519,2.299,0.17,3,9
2015-09-14T12:46:46.00Z,35.0162654,-79.1939810,90.626,-1.27,0.53,0.27,1.470,2.228,0.19,3,9
2015-09-14T12:46:46.20Z,35.0162635,-79.1939787,90.719,-1.05,0.82,-0.08,1.427,2.164,0.15,3,9
2015-09-14T12:46:46.40Z,35.0162621,-79.1939762,90.722,-0.82,0.90,0.15,1.394,2.116,0.16,3,9
2015-09-14T12:46:46.60Z,35.0162608,-79.1939734,90.807,-0.75,1.20,-0.08,1.362,2.069,0.14,3,9
2015-09-14T12:46:46.80Z,35.0162594,-79.1939710,90.801,-0.87,0.94,0.09,1.334,2.025,0.16,3,9
2015-09-14T12:46:47.00Z,35.0162575,-79.1939687,90.803,-1.05,0.93,0.06,1.305,1.980,0.16,3,9
2015-09-14T12:46:47.20Z,35.0162557,-79.1939664,90.873,-0.87,1.07,-0.09,1.264,1.912,0.14,3,9
2015-09-14T12:46:47.40Z,35.0162542,-79.1939636,90.801,-0.69,1.27,0.20,1.230,1.856,0.15,3,9
2015-09-14T12:46:47.60Z,35.0162535,-79.1939604,90.926,-0.51,1.34,-0.17,1.199,1.806,0.14,3,10
2015-09-14T12:46:47.80Z,35.0162517,-79.1939577,90.847,-0.92,1.26,0.23,1.169,1.757,0.14,3,9
2015-09-14T12:46:48.00Z,35.0162500,-79.1939555,90.910,-0.92,1.08,-0.07,1.146,1.722,0.12,3,9
2015-09-14T12:46:48.20Z,35.0162485,-79.1939531,90.921,-0.81,1.12,0.03,1.127,1.692,0.15,3,9
2015-09-14T12:46:48.40Z,35.0162479,-79.1939497,90.910,-0.39,1.48,0.10,1.109,1.662,0.15,3,9
2015-09-14T12:46:48.60Z,35.0162477,-79.1939465,91.067,-0.53,1.24,-0.05,1.078,1.617,0.13,3,10
2015-09-14T12:46:48.80Z,35.0162467,-79.1939435,91.027,-0.67,1.24,0.23,1.058,1.585,0.15,3,10
2015-09-14T12:46:49.00Z,35.0162459,-79.1939407,91.160,-0.65,1.16,-0.12,1.036,1.554,0.13,3,10
2015-09-14T12:46:49.20Z,35.0162454,-79.1939375,91.198,-0.44,1.31,0.12,1.016,1.524,0.13,3,10
2015-09-14T12:46:49.40Z,35.0162451,-79.1939344,91.234,-0.20,1.35,0.02,1.000,1.500,0.13,3,10
2015-09-14T12:46:49.60Z,35.0162446,-79.1939315,91.335,-0.38,1.18,-0.11,0.983,1.475,0.13,3,10
2015-09-14T12:46:49.80Z,35.0162434,-79.1939295,91.276,-0.63,0.88,0.16,0.969,1.457,0.15,3,10
2015-09-14T12:46:50.00Z,35.0162426,-79.1939272,91.327,-0.56,0.85,-0.05,0.955,1.438,0.15,3,10
2015-09-14T12:46:50.20Z,35.0162427,-79.1939250,91.360,-0.16,0.76,0.02,0.942,1.418,0.15,3,10
2015-09-14T12:46:50.40Z,35.0162432,-79.1939222,91.351,0.11,1.04,0.11,0.927,1.398,0.17,3,10
2015-09-14T12:46:50.60Z,35.0162432,-79.1939199,91.389,-0.13,0.93,0.00,0.919,1.388,0.18,3,10
2015-09-14T12:46:50.80Z,35.0162429,-79.1939186,91.391,-0.32,0.42,0.12,0.909,1.372,0.17,3,10
2015-09-14T12:46:51.00Z,35.0162425,-79.1939179,91.428,-0.36,0.15,0.10,0.898,1.355,0.16,3,10
2015-09-14T12:46:51.20Z,35.0162423,-79.1939163,91.357,-0.45,0.47,0.37,0.889,1.340,0.20,3,10
2015-09-14T12:46:51.40Z,35.0162423,-79.1939151,91.331,-0.25,0.39,0.30,0.884,1.332,0.24,3,9
2015-09-14T12:46:51.60Z,35.0162419,-79.1939148,91.292,-0.21,0.14,0.17,0.883,1.328,0.25,3,9
2015-09-14T12:46:51.80Z,35.0162421,-79.1939147,91.258,0.13,0.01,0.01,0.883,1.326,0.27,3,10
2015-09-14T12:46:52.00Z,35.0162421,-79.1939146,91.255,0.07,0.12,-0.08,0.876,1.316,0.18,3,10
2015-09-14T12:46:52.20Z,35.0162431,-79.1939144,91.267,0.33,0.01,0.00,0.871,1.307,0.19,3,10
2015-09-14T12:46:52.40Z,35.0162437,-79.1939140,91.232,0.16,0.10,0.05,0.866,1.299,0.20,3,10
2015-09-14T12:46:52.60Z,35.0162441,-79.1939120,91.191,0.18,0.78,0.00,0.865,1.297,0.25,3,10
2015-09-14T12:46:52.80Z,35.0162448,-79.1939111,91.033,0.26,0.35,0.17,0.869,1.298,0.34,3,10
2015-09-14T12:46:53.00Z,35.0162441,-79.1939113,91.072,-0.22,-0.09,-0.07,0.873,1.301,0.38,3,10
2015-09-14T12:46:53.20Z,35.0162442,-79.1939117,90.937,-0.08,-0.14,0.13,0.874,1.296,0.30,3,10
2015-09-14T12:46:53.40Z,35.0162442,-79.1939118,90.873,0.05,0.11,-0.10,0.870,1.283,0.24,3,10
2015-09-14T12:46:53.60Z,35.0162438,-79.1939121,90.896,-0.14,0.06,0.24,0.866,1.271,0.25,3,10
2015-09-14T12:46:53.80Z,35.0162437,-79.1939119,90.977,-0.05,0.19,-0.11,0.872,1.272,0.37,3,8
2015-09-14T12:46:54.00Z,35.0162423,-79.1939117,90.945,-0.53,0.42,-0.01,0.888,1.278,0.60,3,9
2015-09-14T12:46:54.20Z,35.0162445,-79.1939122,91.038,0.09,-0.17,0.01,0.886,1.272,0.38,3,10
2015-09-14T12:46:54.40Z,35.0162457,-79.1939131,91.125,0.20,-0.59,0.04,0.891,1.270,0.40,3,10
2015-09-14T12:46:54.60Z,35.0162455,-79.1939139,91.082,-0.08,-0.34,0.12,0.903,1.277,0.44,3,9
2015-09-14T12:46:54.80Z,35.0162438,-79.1939156,91.065,-0.58,-0.61,0.36,0.905,1.283,0.37,3,10
2015-09-14T12:46:55.00Z,35.0162432,-79.1939142,90.942,-0.31,0.55,0.51,0.914,1.297,0.36,3,10
2015-09-14T12:46:55.20Z,35.0162431,-79.1939132,90.824,-0.02,0.36,0.45,0.928,1.319,0.51,3,10
2015-09-14T12:46:55.40Z,35.0162433,-79.1939126,90.711,0.12,0.34,0.42,0.943,1.346,0.53,3,10
2015-09-14T12:46:55.60Z,35.0162425,-79.1939121,90.952,-0.29,0.08,0.02,0.946,1.355,0.33,3,10
2015-09-14T12:46:55.80Z,35.0162424,-79.1939121,90.878,-0.12,0.04,0.12,0.956,1.379,0.45,3,9
2015-09-14T12:46:56.00Z,35.0162420,-79.1939123,90.646,-0.31,-0.01,0.24,0.958,1.384,0.28,3,10
2015-09-14T12:46:56.20Z,35.0162421,-79.1939129,90.679,0.09,-0.08,-0.02,0.965,1.395,0.26,3,8
2015-09-14T12:46:56.40Z,35.0162415,-79.1939118,90.599,-0.09,0.15,-0.03,0.969,1.400,0.18,3,10
2015-09-14T12:46:56.60Z,35.0162419,-79.1939116,90.804,0.08,0.07,-0.21,0.964,1.391,0.30,3,9
2015-09-14T12:46:56.80Z,35.0162429,-79.1939123,91.018,0.64,-0.27,-0.43,0.963,1.392,0.28,3,9
2015-09-14T12:46:57.00Z,35.0162438,-79.1939117,91.090,0.21,0.21,-0.50,0.963,1.396,0.32,3,9
2015-09-14T12:46:57.20Z,35.0162445,-79.1939118,91.073,0.41,-0.10,-0.35,0.969,1.404,0.35,3,9
2015-09-14T12:46:57.40Z,35.0162454,-79.1939113,91.016,0.14,0.29,-0.24,0.968,1.409,0.29,3,10
2015-09-14T12:46:57.60Z,35.0162446,-79.1939107,90.960,-0.21,-0.11,-0.28,0.966,1.417,0.38,3,10
2015-09-14T12:46:57.80Z,35.0162456,-79.1939113,91.045,0.13,-0.44,-0.37,0.962,1.415,0.27,3,9
2015-09-14T12:46:58.00Z,35.0162448,-79.1939102,91.220,-0.48,0.26,-0.39,0.959,1.412,0.23,3,10
2015-09-14T12:46:58.20Z,35.0162439,-79.1939101,91.319,-0.56,0.03,-0.41,0.970,1.423,0.44,3,10
2015-09-14T12:46:58.40Z,35.0162461,-79.1939098,91.344,0.89,-0.13,-0.15,0.978,1.432,0.43,3,10
2015-09-14T12:46:58.60Z,35.0162453,-79.1939099,91.383,-0.24,0.07,-0.06,0.977,1.439,0.28,3,10
2015-09-14T12:46:58.80Z,35.0162459,-79.1939087,91.438,-0.05,0.53,-0.06,0.974,1.442,0.30,3,10
2015-09-14T12:46:59.00Z,35.0162465,-79.1939088,91.438,0.08,0.05,-0.12,0.975,1.448,0.41,3,10
2015-09-14T12:46:59.20Z,35.0162466,-79.1939082,91.342,0.01,0.26,-0.06,0.976,1.451,0.26,3,10
2015-09-14T12:46:59.40Z,35.0162460,-79.1939069,91.181,-0.42,0.28,0.05,0.974,1.447,0.26,3,10
2015-09-14T12:46:59.60Z,35.0162465,-79.1939062,91.024,0.27,0.27,0.24,0.976,1.451,0.30,3,10
2015-09-14T12:46:59.80Z,35.0162469,-79.1939054,90.971,0.14,0.17,0.02,0.976,1.456,0.30,3,10
2015-09-14T12:47:00.00Z,35.0162476,-79.1939043,90.813,0.33,0.22,-0.05,0.978,1.463,0.36,3,10
2015-09-14T12:47:00.20Z,35.0162477,-79.1939041,90.669,0.10,0.10,0.32,0.980,1.473,0.40,3,10
2015-09-14T12:47:00.40Z,35.0162495,-79.1939017,90.249,0.85,0.91,0.75,0.988,1.486,0.49,3,10
2015-09-14T12:47:00.60Z,35.0162501,-79.1939007,90.080,0.53,0.32,0.64,1.010,1.506,0.61,3,10
2015-09-14T12:47:00.80Z,35.0162514,-79.1939009,90.010,0.67,-0.11,0.61,1.018,1.530,0.48,3,10
2015-09-14T12:47:01.00Z,35.0162520,-79.1939005,89.850,0.44,0.10,0.70,1.045,1.561,0.60,3,10
2015-09-14T12:47:01.20Z,35.0162522,-79.1938989,89.810,0.10,0.59,0.62,1.060,1.584,0.58,3,10
2015-09-14T12:47:01.40Z,35.0162516,-79.1938973,89.721,-0.31,0.52,0.60,1.074,1.596,0.42,3,10
2015-09-14T12:47:01.60Z,35.0162519,-79.1938975,89.659,0.10,-0.12,0.48,1.082,1.613,0.45,3,10
2015-09-14T12:47:01.80Z,35.0162524,-79.1938974,89.591,0.24,0.17,0.46,1.089,1.627,0.48,3,10
2015-09-14T12:47:02.00Z,35.0162527,-79.1938974,89.569,0.19,0.07,0.39,1.093,1.620,0.44,3,10
2015-09-14T12:47:02.20Z,35.0162526,-79.1938973,89.592,0.14,-0.01,0.28,1.096,1.613,0.38,3,10
2015-09-14T12:47:02.40Z,35.0162531,-79.1938970,89.604,0.22,0.05,0.30,1.103,1.620,0.39,3,10
2015-09-14T12:47:02.60Z,35.0162535,-79.1938954,89.549,0.08,0.47,0.19,1.104,1.607,0.38,3,10
2015-09-14T12:47:02.80Z,35.0162513,-79.1938934,89.668,-1.07,0.74,-0.01,1.123,1.622,0.60,3,10
2015-09-14T12:47:03.00Z,35.0162511,-79.1938940,89.700,-0.34,0.01,-0.04,1.142,1.639,0.51,3,10
2015-09-14T12:47:03.20Z,35.0162508,-79.1938955,89.822,-0.18,-0.46,-0.19,1.148,1.653,0.33,3,10
2015-09-14T12:47:03.40Z,35.0162500,-79.1938959,89.767,-0.44,-0.28,-0.06,1.150,1.658,0.31,3,10
2015-09-14T12:47:03.60Z,35.0162501,-79.1938958,89.773,-0.28,-0.17,-0.01,1.155,1.664,0.45,3,10
2015-09-14T12:47:03.80Z,35.0162505,-79.1938955,89.848,-0.08,-0.08,-0.01,1.149,1.647,0.24,3,10
2015-09-14T12:47:04.00Z,35.0162507,-79.1938954,89.903,-0.18,-0.07,-0.08,1.147,1.646,0.27,3,10
2015-09-14T12:47:04.20Z,35.0162506,-79.1938950,89.901,-0.13,-0.14,-0.05,1.144,1.646,0.28,3,10
2015-09-14T12:47:04.40Z,35.0162508,-79.1938942,89.846,0.04,0.20,-0.08,1.141,1.643,0.30,3,10
2015-09-14T12:47:04.60Z,35.0162507,-79.1938933,89.911,-0.01,-0.20,-0.01,1.136,1.633,0.25,3,10
2015-09-14T12:47:04.80Z,35.0162506,-79.1938918,89.930,-0.04,0.21,0.03,1.132,1.626,0.25,3,10
2015-09-14T12:47:05.00Z,35.0162506,-79.1938913,90.058,0.22,0.02,-0.03,1.127,1.621,0.29,3,10
2015-09-14T12:47:05.20Z,35.0162510,-79.1938909,90.132,0.20,0.21,0.07,1.126,1.618,0.30,3,10
2015-09-14T12:47:05.40Z,35.0162515,-79.1938899,89.854,0.00,0.19,0.27,1.121,1.608,0.30,3,10
2015-09-14T12:47:05.60Z,35.0162520,-79.1938896,89.613,-0.03,0.05,0.29,1.116,1.601,0.35,3,10
2015-09-14T12:47:05.80Z,35.0162524,-79.1938895,89.492,0.09,-0.03,0.26,1.111,1.593,0.32,3,10
2015-09-14T12:47:06.00Z,35.0162534,-79.1938886,89.478,0.07,0.15,0.15,1.106,1.593,0.30,3,10
2015-09-14T12:47:06.20Z,35.0162537,-79.1938883,89.482,-0.04,0.05,0.09,1.101,1.593,0.28,3,10
2015-09-14T12:47:06.40Z,35.0162543,-79.1938879,89.491,0.06,0.00,0.13,1.098,1.593,0.31,3,10
2015-09-14T12:47:06.60Z,35.0162551,-79.1938869,89.520,0.04,0.18,0.08,1.095,1.597,0.31,3,10
2015-09-14T12:47:06.80Z,35.0162557,-79.1938867,89.525,-0.02,0.14,0.11,1.095,1.605,0.35,3,10
2015-09-14T12:47:07.00Z,35.0162559,-79.1938866,89.506,0.09,0.15,0.08,1.101,1.618,0.44,3,10
2015-09-14T12:47:07.20Z,35.0162564,-79.1938855,89.437,0.29,0.29,0.11,1.107,1.630,0.44,3,10
2015-09-14T12:47:07.40Z,35.0162562,-79.1938853,89.419,-0.10,-0.09,0.06,1.108,1.639,0.36,3,10
2015-09-14T12:47:07.60Z,35.0162571,-79.1938853,89.463,0.25,-0.02,0.06,1.110,1.649,0.30,3,10
2015-09-14T12:47:07.80Z,35.0162574,-79.1938844,89.394,-0.05,-0.09,-0.09,1.102,1.637,0.33,3,10
2015-09-14T12:47:08.00Z,35.0162578,-79.1938840,89.195,0.00,-0.24,0.00,1.099,1.627,0.22,3,10
2015-09-14T12:47:08.20Z,35.0162582,-79.1938832,89.229,0.05,0.17,-0.03,1.095,1.620,0.24,3,10
2015-09-14T12:47:08.40Z,35.0162582,-79.1938830,89.164,-0.08,0.06,0.03,1.095,1.617,0.26,3,10
2015-09-14T12:47:08.60Z,35.0162585,-79.1938826,89.067,0.10,0.03,0.01,1.093,1.611,0.24,3,9
2015-09-14T12:47:08.80Z,35.0162584,-79.1938824,89.019,-0.06,0.03,0.03,1.091,1.606,0.26,3,10
2015-09-14T12:47:09.00Z,35.0162589,-79.1938818,88.981,0.07,-0.03,0.04,1.088,1.600,0.26,3,10
2015-09-14T12:47:09.20Z,35.0162595,-79.1938816,88.861,0.03,-0.15,0.04,1.084,1.595,0.24,3,10
2015-09-14T12:47:09.40Z,35.0162599,-79.1938807,88.791,-0.08,0.12,0.02,1.079,1.587,0.23,3,10
2015-09-14T12:47:09.60Z,35.0162603,-79.1938802,88.801,-0.04,-0.03,0.00,1.075,1.582,0.21,3,10
2015-09-14T12:47:09.80Z,35.0162608,-79.1938795,88.808,0.04,0.02,-0.02,1.071,1.579,0.23,3,10
2015-09-14T12:47:10.00Z,35.0162616,-79.1938783,88.727,-0.05,0.09,0.09,1.069,1.577,0.26,3,10
2015-09-14T12:47:10.20Z,35.0162620,-79.1938779,88.691,0.03,0.04,0.02,1.069,1.577,0.25,3,10
2015-09-14T12:47:10.40Z,35.0162628,-79.1938776,88.672,0.12,-0.09,0.00,1.066,1.576,0.27,3,10
2015-09-14T12:47:10.60Z,35.0162627,-79.1938776,88.645,-0.01,0.04,-0.04,1.065,1.576,0.28,3,10
2015-09-14T12:47:10.80Z,35.0162633,-79.1938768,88.610,-0.05,-0.02,0.02,1.060,1.575,0.22,3,10
2015-09-14T12:47:11.00Z,35.0162639,-79.1938763,88.534,-0.02,-0.07,-0.03,1.055,1.571,0.25,3,10
2015-09-14T12:47:11.20Z,35.0162641,-79.1938761,88.580,-0.02,-0.04,-0.03,1.051,1.564,0.23,3,10
2015-09-14T12:47:11.40Z,35.0162643,-79.1938758,88.640,-0.09,-0.03,-0.04,1.049,1.562,0.25,3,10
2015-09-14T12:47:11.60Z,35.0162648,-79.1938749,88.690,0.05,0.18,-0.02,1.047,1.560,0.25,3,10
2015-09-14T12:47:11.80Z,35.0162650,-79.1938747,88.650,-0.03,-0.02,0.00,1.045,1.558,0.22,3,10
2015-09-14T12:47:12.00Z,35.0162650,-79.1938747,88.731,0.00,-0.09,-0.03,1.042,1.551,0.22,3,10
2015-09-14T12:47:12.20Z,35.0162650,-79.1938743,88.760,-0.02,0.03,0.01,1.037,1.544,0.22,3,10
2015-09-14T12:47:12.40Z,35.0162653,-79.1938741,88.763,0.04,-0.03,0.03,1.032,1.537,0.24,3,10
2015-09-14T12:47:12.60Z,35.0162654,-79.1938737,88.706,0.01,0.02,0.03,1.032,1.533,0.30,3,10
2015-09-14T12:47:12.80Z,35.0162658,-79.1938733,88.742,0.02,-0.02,-0.04,1.034,1.533,0.31,3,10
2015-09-14T12:47:13.00Z,35.0162663,-79.1938730,88.789,0.01,-0.07,-0.02,1.035,1.535,0.30,3,10
2015-09-14T12:47:13.20Z,35.0162668,-79.1938725,88.845,-0.01,0.04,-0.02,1.031,1.532,0.26,3,10
2015-09-14T12:47:13.40Z,35.0162669,-79.1938723,88.821,0.00,-0.05,0.02,1.029,1.532,0.23,3,10
2015-09-14T12:47:13.60Z,35.0162673,-79.1938721,88.746,0.10,-0.04,0.04,1.027,1.531,0.24,3,10
2015-09-14T12:47:13.80Z,35.0162675,-79.1938715,88.648,-0.08,0.13,0.04,1.024,1.527,0.24,3,10
2015-09-14T12:47:14.00Z,35.0162678,-79.1938712,88.555,0.09,-0.14,0.02,1.021,1.525,0.22,3,10
2015-09-14T12:47:14.20Z,35.0162680,-79.1938706,88.315,0.08,0.01,0.14,1.017,1.522,0.26,3,10
2015-09-14T12:47:14.40Z,35.0162680,-79.1938697,88.130,-0.05,0.10,0.14,1.014,1.520,0.25,3,10
2015-09-14T12:47:14.60Z,35.0162679,-79.1938692,88.049,-0.05,-0.02,0.11,1.013,1.519,0.31,3,10
2015-09-14T12:47:14.80Z,35.0162681,-79.1938689,88.023,-0.01,-0.02,0.07,1.011,1.520,0.31,3,10
2015-09-14T12:47:15.00Z,35.0162682,-79.1938681,87.998,0.00,0.03,0.04,1.008,1.519,0.26,3,10
2015-09-14T12:47:15.20Z,35.0162683,-79.1938685,87.927,-0.07,-0.11,0.10,1.004,1.518,0.28,3,10
2015-09-14T12:47:15.40Z,35.0162684,-79.1938689,87.838,-0.11,-0.09,0.04,0.998,1.515,0.27,3,10
2015-09-14T12:47:15.60Z,35.0162688,-79.1938686,87.706,0.04,-0.06,0.02,0.992,1.508,0.23,3,10
2015-09-14T12:47:15.80Z,35.0162688,-79.1938677,87.522,-0.07,-0.02,0.06,0.985,1.501,0.24,3,10
2015-09-14T12:47:16.00Z,35.0162691,-79.1938673,87.417,0.04,-0.07,0.06,0.985,1.498,0.27,3,10
2015-09-14T12:47:16.20Z,35.0162691,-79.1938668,87.370,-0.08,0.04,0.00,0.984,1.496,0.24,3,10
2015-09-14T12:47:16.40Z,35.0162688,-79.1938666,87.377,-0.18,-0.03,-0.03,0.986,1.498,0.26,3,10
2015-09-14T12:47:16.60Z,35.0162684,-79.1938664,87.394,-0.26,0.09,0.08,0.987,1.499,0.24,3,10
2015-09-14T12:47:16.80Z,35.0162685,-79.1938666,87.381,-0.06,-0.08,0.04,0.989,1.500,0.27,3,10
2015-09-14T12:47:17.00Z,35.0162684,-79.1938669,87.316,-0.14,-0.04,0.08,0.991,1.506,0.27,3,10
2015-09-14T12:47:17.20Z,35.0162685,-79.1938672,87.251,-0.09,0.00,0.10,0.998,1.515,0.33,3,9
2015-09-14T12:47:17.40Z,35.0162686,-79.1938678,87.173,-0.08,-0.15,0.09,1.006,1.523,0.35,3,9
2015-09-14T12:47:17.60Z,35.0162688,-79.1938681,87.141,-0.01,-0.03,0.09,1.012,1.534,0.32,3,9
2015-09-14T12:47:17.80Z,35.0162689,-79.1938682,87.122,-0.10,-0.02,0.09,1.018,1.544,0.33,3,9
2015-09-14T12:47:18.00Z,35.0162689,-79.1938688,87.122,-0.07,-0.15,0.05,1.022,1.555,0.33,3,9
2015-09-14T12:47:18.20Z,35.0162694,-79.1938695,87.126,-0.02,-0.03,0.08,1.020,1.563,0.34,3,9
2015-09-14T12:47:18.40Z,35.0162697,-79.1938697,87.151,0.02,-0.02,0.05,1.022,1.570,0.29,3,9
2015-09-14T12:47:18.60Z,35.0162698,-79.1938699,87.116,-0.03,0.00,0.07,1.021,1.576,0.32,3,9
2015-09-14T12:47:18.80Z,35.0162700,-79.1938702,87.111,0.00,0.03,0.06,1.021,1.582,0.30,3,9
2015-09-14T12:47:19.00Z,35.0162702,-79.1938703,87.065,0.04,0.02,0.09,1.021,1.589,0.29,3,9
2015-09-14T12:47:19.20Z,35.0162705,-79.1938708,87.031,0.03,-0.03,0.04,1.021,1.596,0.25,3,10
2015-09-14T12:47:19.40Z,35.0162710,-79.1938712,87.019,0.19,-0.05,-0.06,1.025,1.606,0.30,3,10
2015-09-14T12:47:19.60Z,35.0162711,-79.1938708,87.000,0.00,0.17,0.06,1.030,1.617,0.32,3,10
2015-09-14T12:47:19.80Z,35.0162710,-79.1938716,86.924,0.02,-0.17,-0.01,1.028,1.623,0.25,3,10
2015-09-14T12:47:20.00Z,35.0162707,-79.1938713,86.942,-0.16,0.15,-0.08,1.033,1.630,0.31,3,10
2015-09-14T12:47:20.20Z,35.0162709,-79.1938715,86.935,0.11,-0.03,0.00,1.034,1.631,0.27,3,10
2015-09-14T12:47:20.40Z,35.0162709,-79.1938714,86.927,0.00,0.04,0.05,1.037,1.629,0.30,3,10
2015-09-14T12:47:20.60Z,35.0162709,-79.1938712,86.881,0.00,0.11,0.11,1.040,1.630,0.31,3,10
2015-09-14T12:47:20.80Z,35.0162712,-79.1938716,86.783,0.07,0.10,0.09,1.042,1.629,0.26,3,10
2015-09-14T12:47:21.00Z,35.0162716,-79.1938718,86.766,0.10,-0.03,-0.01,1.043,1.625,0.32,3,10
2015-09-14T12:47:21.20Z,35.0162715,-79.1938716,86.754,-0.04,0.01,-0.06,1.043,1.621,0.29,3,10
2015-09-14T12:47:21.40Z,35.0162717,-79.1938719,86.684,0.00,-0.03,0.03,1.043,1.617,0.28,3,10
2015-09-14T12:47:21.60Z,35.0162718,-79.1938720,86.622,0.03,0.00,0.04,1.043,1.614,0.27,3,10
2015-09-14T12:47:21.80Z,35.0162718,-79.1938723,86.537,-0.07,0.02,0.01,1.041,1.609,0.28,3,10
2015-09-14T12:47:22.00Z,35.0162722,-79.1938725,86.479,0.05,0.03,0.06,1.040,1.605,0.25,3,10
2015-09-14T12:47:22.20Z,35.0162724,-79.1938727,86.471,0.00,0.01,0.01,1.040,1.606,0.26,3,10
2015-09-14T12:47:22.40Z,35.0162724,-79.1938730,86.399,0.03,-0.12,0.05,1.040,1.607,0.26,3,10
2015-09-14T12:47:22.60Z,35.0162726,-79.1938727,86.419,0.02,0.12,0.03,1.041,1.610,0.26,3,10
2015-09-14T12:47:22.80Z,35.0162722,-79.1938736,86.390,-0.20,-0.24,-0.03,1.044,1.615,0.28,3,10
2015-09-14T12:47:23.00Z,35.0162722,-79.1938734,86.475,-0.18,-0.07,-0.01,1.045,1.616,0.27,3,10
2015-09-14T12:47:23.20Z,35.0162714,-79.1938732,86.531,-0.42,-0.16,-0.03,1.047,1.620,0.32,3,10
2015-09-14T12:47:23.40Z,35.0162715,-79.1938732,86.646,-0.09,-0.23,-0.13,1.050,1.623,0.26,3,10
2015-09-14T12:47:23.60Z,35.0162715,-79.1938730,86.663,-0.05,0.04,-0.14,1.070,1.630,0.43,3,10
2015-09-14T12:47:23.80Z,35.0162723,-79.1938728,86.691,0.34,0.10,-0.11,1.088,1.632,0.43,3,10
2015-09-14T12:47:24.00Z,35.0162731,-79.1938720,86.752,0.29,0.18,-0.03,1.094,1.626,0.34,3,10
2015-09-14T12:47:24.20Z,35.0162729,-79.1938721,86.671,0.23,-0.01,0.01,1.091,1.624,0.29,3,10
2015-09-14T12:47:24.40Z,35.0162730,-79.1938719,86.768,0.06,-0.02,-0.03,1.092,1.628,0.31,3,10
2015-09-14T12:47:24.60Z,35.0162731,-79.1938721,86.735,-0.25,-0.15,0.06,1.091,1.627,0.25,3,10
2015-09-14T12:47:24.80Z,35.0162739,-79.1938715,86.849,0.00,0.08,0.01,1.087,1.618,0.26,3,9
2015-09-14T12:47:25.00Z,35.0162737,-79.1938711,86.863,-0.11,-0.05,0.03,1.084,1.615,0.22,3,10
2015-09-14T12:47:25.20Z,35.0162737,-79.1938706,86.863,0.10,0.07,-0.06,1.079,1.614,0.23,3,10
2015-09-14T12:47:25.40Z,35.0162745,-79.1938707,86.795,0.16,0.02,-0.02,1.070,1.603,0.21,3,10
2015-09-14T12:47:25.60Z,35.0162742,-79.1938706,86.783,0.09,-0.10,0.04,1.059,1.593,0.19,3,10
2015-09-14T12:47:25.80Z,35.0162746,-79.1938704,86.784,0.16,-0.04,0.04,1.062,1.598,0.28,3,10
2015-09-14T12:47:26.00Z,35.0162752,-79.1938702,86.616,0.19,0.17,0.29,1.060,1.598,0.27,3,10
2015-09-14T12:47:26.20Z,35.0162767,-79.1938710,86.521,0.55,0.10,0.25,1.056,1.588,0.30,3,10
2015-09-14T12:47:26.40Z,35.0162766,-79.1938719,86.373,-0.07,0.12,0.14,1.051,1.576,0.28,3,10
2015-09-14T12:47:26.60Z,35.0162767,-79.1938721,86.382,-0.11,0.01,0.11,1.052,1.574,0.31,3,10
2015-09-14T12:47:26.80Z,35.0162770,-79.1938733,86.340,-0.03,-0.24,0.14,1.051,1.571,0.26,3,10
2015-09-14T12:47:27.00Z,35.0162772,-79.1938737,86.289,-0.02,0.11,0.09,1.046,1.568,0.25,3,10
2015-09-14T12:47:27.20Z,35.0162777,-79.1938746,86.348,0.00,-0.08,0.04,1.044,1.566,0.25,3,10
2015-09-14T12:47:27.40Z,35.0162784,-79.1938756,86.337,0.03,0.00,0.00,1.038,1.560,0.24,3,10
2015-09-14T12:47:27.60Z,35.0162784,-79.1938756,86.180,-0.02,0.08,0.01,1.038,1.559,0.23,3,10
2015-09-14T12:47:27.80Z,35.0162788,-79.1938758,86.078,-0.01,0.06,0.03,1.038,1.558,0.24,3,10
2015-09-14T12:47:28.00Z,35.0162790,-79.1938755,85.987,0.03,0.08,0.07,1.038,1.560,0.25,3,10
2015-09-14T12:47:28.20Z,35.0162798,-79.1938755,85.877,0.02,0.01,0.02,1.035,1.557,0.25,3,10
2015-09-14T12:47:28.40Z,35.0162802,-79.1938757,85.880,0.16,-0.12,-0.05,1.032,1.555,0.24,3,10
2015-09-14T12:47:28.60Z,35.0162805,-79.1938754,85.917,0.06,-0.05,-0.07,1.028,1.550,0.26,3,10
2015-09-14T12:47:28.80Z,35.0162806,-79.1938754,85.969,0.09,-0.20,0.02,1.027,1.551,0.26,3,10
2015-09-14T12:47:29.00Z,35.0162809,-79.1938749,85.938,0.18,0.17,-0.01,1.031,1.557,0.28,3,10
2015-09-14T12:47:29.20Z,35.0162815,-79.1938746,85.911,0.27,0.08,0.16,1.031,1.556,0.26,3,10
2015-09-14T12:47:29.40Z,35.0162823,-79.1938740,85.891,0.45,0.26,0.05,1.034,1.556,0.26,3,10
2015-09-14T12:47:29.60Z,35.0162825,-79.1938738,86.010,0.15,0.15,-0.10,1.031,1.556,0.30,3,10
2015-09-14T12:47:29.80Z,35.0162827,-79.1938734,86.024,0.19,0.06,-0.06,1.029,1.557,0.33,3,10
2015-09-14T12:47:30.00Z,35.0162833,-79.1938732,86.214,0.47,0.00,-0.12,1.027,1.559,0.31,3,10
2015-09-14T12:47:30.20Z,35.0162841,-79.1938723,86.322,0.34,0.17,-0.03,1.019,1.557,0.25,3,10
2015-09-14T12:47:30.40Z,35.0162851,-79.1938713,86.403,0.58,0.27,-0.06,1.021,1.563,0.31,3,10
2015-09-14T12:47:30.60Z,35.0162851,-79.1938705,86.441,0.07,0.28,0.12,1.021,1.570,0.33,3,10
2015-09-14T12:47:30.80Z,35.0162847,-79.1938700,86.769,-0.31,0.23,-0.48,1.027,1.581,0.28,3,10
2015-09-14T12:47:31.00Z,35.0162853,-79.1938683,86.985,0.11,0.64,-0.47,1.036,1.596,0.32,3,10
2015-09-14T12:47:31.20Z,35.0162857,-79.1938685,87.067,0.20,-0.08,-0.42,1.062,1.617,0.49,3,10
2015-09-14T12:47:31.40Z,35.0162860,-79.1938677,87.212,0.16,0.31,-0.51,1.077,1.643,0.39,3,10
2015-09-14T12:47:31.60Z,35.0162873,-79.1938678,87.193,0.60,-0.11,-0.30,1.105,1.668,0.56,3,10
2015-09-14T12:47:31.80Z,35.0162881,-79.1938665,87.307,0.50,0.48,-0.38,1.129,1.690,0.59,3,10
2015-09-14T12:47:32.00Z,35.0162892,-79.1938660,87.374,0.47,0.12,-0.25,1.135,1.705,0.38,3,10
2015-09-14T12:47:32.20Z,35.0162896,-79.1938647,87.320,0.33,0.44,-0.16,1.143,1.714,0.39,3,10
2015-09-14T12:47:32.40Z,35.0162903,-79.1938647,87.327,0.44,0.10,-0.22,1.154,1.725,0.43,3,10
2015-09-14T12:47:32.60Z,35.0162916,-79.1938634,87.472,0.64,0.46,-0.31,1.154,1.722,0.36,3,10
2015-09-14T12:47:32.80Z,35.0162930,-79.1938624,87.435,0.88,0.55,-0.42,1.153,1.734,0.41,3,10
2015-09-14T12:47:33.00Z,35.0162942,-79.1938626,87.169,0.85,0.00,-0.12,1.156,1.745,0.33,3,10
2015-09-14T12:47:33.20Z,35.0162952,-79.1938621,86.930,0.76,0.36,0.11,1.157,1.747,0.35,3,10
2015-09-14T12:47:33.40Z,35.0162961,-79.1938616,86.769,0.67,0.28,0.20,1.162,1.755,0.37,3,10
2015-09-14T12:47:33.60Z,35.0162968,-79.1938598,86.662,0.39,0.57,0.44,1.162,1.767,0.41,3,10
2015-09-14T12:47:33.80Z,35.0162970,-79.1938587,86.528,0.17,0.49,0.60,1.170,1.781,0.43,3,10
2015-09-14T12:47:34.00Z,35.0162983,-79.1938577,86.551,0.57,0.43,0.34,1.181,1.796,0.47,3,10
2015-09-14T12:47:34.20Z,35.0163003,-79.1938576,86.438,1.03,0.07,0.37,1.196,1.815,0.57,3,10
2015-09-14T12:47:34.40Z,35.0163014,-79.1938574,86.348,0.78,0.07,0.37,1.201,1.831,0.45,3,10
2015-09-14T12:47:34.60Z,35.0163021,-79.1938565,86.397,0.59,0.37,0.25,1.203,1.833,0.38,3,10
2015-09-14T12:47:34.80Z,35.0163031,-79.1938554,86.523,0.83,0.41,0.23,1.202,1.836,0.37,3,10
2015-09-14T12:47:35.00Z,35.0163040,-79.1938534,86.457,0.91,0.72,0.26,1.206,1.849,0.50,3,10
2015-09-14T12:47:35.20Z,35.0163052,-79.1938520,86.389,0.88,0.49,0.24,1.210,1.859,0.50,3,10
2015-09-14T12:47:35.40Z,35.0163065,-79.1938502,86.466,0.97,0.56,0.10,1.217,1.870,0.51,3,10
2015-09-14T12:47:35.60Z,35.0163075,-79.1938491,86.668,0.92,0.48,0.02,1.219,1.874,0.34,3,10
2015-09-14T12:47:35.80Z,35.0163088,-79.1938465,86.798,1.06,0.98,-0.03,1.214,1.870,0.32,3,10
2015-09-14T12:47:36.00Z,35.0163102,-79.1938446,87.186,0.93,0.95,-0.08,1.212,1.871,0.35,3,10
2015-09-14T12:47:36.20Z,35.0163116,-79.1938433,86.945,1.18,0.41,0.21,1.205,1.867,0.26,3,10
2015-09-14T12:47:36.40Z,35.0163143,-79.1938413,86.825,1.56,0.60,0.20,1.202,1.863,0.27,3,10
2015-09-14T12:47:36.60Z,35.0163166,-79.1938397,86.734,1.40,0.63,0.20,1.202,1.865,0.46,3,10
2015-09-14T12:47:36.80Z,35.0163187,-79.1938370,86.698,1.42,1.25,0.07,1.203,1.866,0.45,3,10
2015-09-14T12:47:37.00Z,35.0163208,-79.1938347,86.717,1.25,0.92,0.06,1.198,1.853,0.34,3,10
2015-09-14T12:47:37.20Z,35.0163239,-79.1938323,86.747,1.49,0.83,0.18,1.199,1.856,0.41,3,10
2015-09-14T12:47:37.40Z,35.0163279,-79.1938302,86.709,1.93,0.82,0.21,1.202,1.861,0.43,3,10
2015-09-14T12:47:37.60Z,35.0163310,-79.1938279,86.725,1.72,1.11,0.07,1.200,1.863,0.38,3,10
2015-09-14T12:47:37.80Z,35.0163330,-79.1938248,86.782,1.20,1.46,-0.09,1.209,1.878,0.43,3,10
2015-09-14T12:47:38.00Z,35.0163361,-79.1938231,86.800,1.64,1.00,-0.03,1.209,1.886,0.39,3,10
2015-09-14T12:47:38.20Z,35.0163401,-79.1938214,86.853,1.90,0.76,-0.04,1.207,1.883,0.32,3,10
2015-09-14T12:47:38.40Z,35.0163438,-79.1938179,87.034,1.98,1.17,-0.09,1.201,1.882,0.33,3,10
2015-09-14T12:47:38.60Z,35.0163479,-79.1938150,86.885,2.20,1.25,0.17,1.201,1.884,0.36,3,10
2015-09-14T12:47:38.80Z,35.0163525,-79.1938120,86.895,2.26,1.20,0.07,1.193,1.879,0.26,3,10
2015-09-14T12:47:39.00Z,35.0163571,-79.1938086,86.908,2.30,1.53,0.06,1.186,1.881,0.27,3,10
2015-09-14T12:47:39.20Z,35.0163622,-79.1938048,86.933,2.52,1.59,0.13,1.179,1.882,0.30,3,10
2015-09-14T12:47:39.40Z,35.0163670,-79.1938011,86.910,2.67,1.67,0.13,1.172,1.878,0.31,3,10
2015-09-14T12:47:39.60Z,35.0163719,-79.1937975,86.785,2.73,1.75,0.07,1.164,1.865,0.31,3,10
2015-09-14T12:47:39.80Z,35.0163770,-79.1937926,86.777,2.86,1.79,0.07,1.157,1.852,0.32,3,10
2015-09-14T12:47:40.00Z,35.0163819,-79.1937882,86.961,2.95,1.87,0.02,1.149,1.835,0.28,3,10
2015-09-14T12:47:40.20Z,35.0163865,-79.1937835,86.900,3.05,2.05,0.06,1.142,1.822,0.30,3,10
2015-09-14T12:47:40.40Z,35.0163922,-79.1937782,86.814,3.28,2.22,0.10,1.141,1.813,0.33,3,10
2015-09-14T12:47:40.60Z,35.0163983,-79.1937733,86.848,3.42,2.24,0.06,1.143,1.814,0.34,3,10
2015-09-14T12:47:40.80Z,35.0164045,-79.1937678,86.858,3.46,2.47,0.02,1.147,1.819,0.35,3,10
2015-09-14T12:47:41.00Z,35.0164111,-79.1937624,86.876,3.70,2.48,-0.04,1.150,1.822,0.34,3,10
2015-09-14T12:47:41.20Z,35.0164180,-79.1937566,86.917,3.90,2.75,0.03,1.152,1.823,0.32,3,10
2015-09-14T12:47:41.40Z,35.0164250,-79.1937510,86.968,4.05,2.73,-0.03,1.154,1.822,0.31,3,10
2015-09-14T12:47:41.60Z,35.0164328,-79.1937447,86.980,4.34,2.94,0.03,1.154,1.821,0.27,3,10
2015-09-14T12:47:41.80Z,35.0164410,-79.1937379,87.075,4.57,3.09,-0.10,1.156,1.822,0.29,3,10
2015-09-14T12:47:42.00Z,35.0164496,-79.1937309,87.056,4.78,3.35,0.02,1.154,1.821,0.28,3,10
2015-09-14T12:47:42.20Z,35.0164584,-79.1937235,87.068,4.91,3.45,-0.02,1.151,1.821,0.26,3,10
2015-09-14T12:47:42.40Z,35.0164681,-79.1937154,87.094,5.22,3.68,-0.02,1.147,1.819,0.27,3,10
2015-09-14T12:47:42.60Z,35.0164780,-79.1937073,87.153,5.46,3.79,-0.05,1.146,1.819,0.28,3,10
2015-09-14T12:47:42.80Z,35.0164879,-79.1936984,87.121,5.53,3.99,-0.01,1.145,1.817,0.28,3,10
2015-09-14T12:47:43.00Z,35.0164982,-79.1936889,87.124,5.75,4.34,0.01,1.147,1.819,0.33,3,10
2015-09-14T12:47:43.20Z,35.0165091,-79.1936794,87.102,6.10,4.37,0.00,1.148,1.820,0.36,3,10
2015-09-14T12:47:43.40Z,35.0165209,-79.1936689,87.127,6.60,4.61,0.01,1.145,1.818,0.31,3,10
2015-09-14T12:47:43.60Z,35.0165330,-79.1936583,87.144,6.76,4.78,0.16,1.139,1.810,0.25,3,10
2015-09-14T12:47:43.80Z,35.0165462,-79.1936469,87.255,7.17,5.08,0.07,1.134,1.802,0.23,3,10
2015-09-14T12:47:44.00Z,35.0165606,-79.1936352,87.317,7.68,5.20,0.07,1.129,1.798,0.23,3,10
2015-09-14T12:47:44.20Z,35.0165749,-79.1936235,87.328,7.91,5.42,0.05,1.124,1.790,0.22,3,10
2015-09-14T12:47:44.40Z,35.0165897,-79.1936115,87.342,8.23,5.64,-0.04,1.116,1.773,0.21,3,10
2015-09-14T12:47:44.60Z,35.0166048,-79.1935996,87.429,8.50,5.81,0.03,1.108,1.757,0.21,3,10
2015-09-14T12:47:44.80Z,35.0166209,-79.1935859,87.423,8.82,6.19,-0.05,1.102,1.749,0.21,3,10
2015-09-14T12:47:45.00Z,35.0166378,-79.1935716,87.405,9.27,6.49,0.01,1.105,1.750,0.33,3,10
2015-09-14T12:47:45.20Z,35.0166552,-79.1935586,87.492,9.46,6.16,-0.05,1.101,1.737,0.28,3,10
2015-09-14T12:47:45.40Z,35.0166731,-79.1935442,87.546,9.72,6.76,-0.02,1.092,1.726,0.22,3,10
2015-09-14T12:47:45.60Z,35.0166919,-79.1935295,87.664,10.11,6.76,-0.04,1.084,1.709,0.24,3,10
2015-09-14T12:47:45.80Z,35.0167114,-79.1935144,87.708,10.67,6.82,-0.01,1.086,1.711,0.27,3,10
2015-09-14T12:47:46.00Z,35.0167313,-79.1934986,87.726,10.97,6.96,-0.01,1.088,1.713,0.33,3,10
2015-09-14T12:47:46.20Z,35.0167519,-79.1934821,87.783,11.34,7.53,-0.04,1.093,1.708,0.37,3,10
2015-09-14T12:47:46.40Z,35.0167744,-79.1934647,87.739,11.98,8.03,-0.14,1.095,1.696,0.30,3,10
2015-09-14T12:47:46.60Z,35.0167978,-79.1934467,87.880,12.85,8.19,-0.31,1.105,1.703,0.46,3,10
2015-09-14T12:47:46.80Z,35.0168211,-79.1934288,87.902,12.92,8.03,-0.14,1.123,1.715,0.59,3,10
2015-09-14T12:47:47.00Z,35.0168454,-79.1934089,88.014,13.35,8.51,-0.08,1.134,1.730,0.61,3,10
2015-09-14T12:47:47.20Z,35.0168710,-79.1933881,88.087,13.88,9.07,-0.15,1.139,1.742,0.54,3,10
2015-09-14T12:47:47.40Z,35.0168972,-79.1933674,88.183,14.22,9.36,-0.23,1.145,1.744,0.50,3,10
2015-09-14T12:47:47.60Z,35.0169226,-79.1933462,88.028,14.07,9.52,0.05,1.157,1.756,0.58,3,10
2015-09-14T12:47:47.80Z,35.0169508,-79.1933246,88.046,15.16,9.71,-0.07,1.162,1.764,0.49,3,10
2015-09-14T12:47:48.00Z,35.0169800,-79.1933016,88.007,15.84,10.31,-0.01,1.160,1.765,0.33,3,10
2015-09-14T12:47:48.20Z,35.0170098,-79.1932781,88.102,16.42,10.78,-0.10,1.164,1.773,0.41,3,10
2015-09-14T12:47:48.40Z,35.0170404,-79.1932548,88.233,16.86,10.77,-0.11,1.168,1.785,0.45,3,10
2015-09-14T12:47:48.60Z,35.0170716,-79.1932312,88.379,17.17,10.90,-0.12,1.177,1.798,0.52,3,10
2015-09-14T12:47:48.80Z,35.0171037,-79.1932063,88.488,17.79,11.39,-0.21,1.176,1.804,0.38,3,10
2015-09-14T12:47:49.00Z,35.0171375,-79.1931790,88.556,18.59,12.07,-0.30,1.173,1.806,0.34,3,10
2015-09-14T12:47:49.20Z,35.0171728,-79.1931511,88.441,19.10,12.62,-0.21,1.170,1.804,0.35,3,10
2015-09-14T12:47:49.40Z,35.0172085,-79.1931227,88.367,19.74,12.94,-0.18,1.167,1.798,0.34,3,10
2015-09-14T12:47:49.60Z,35.0172454,-79.1930932,88.295,20.31,13.48,-0.11,1.162,1.791,0.29,3,10
2015-09-14T12:47:49.80Z,35.0172830,-79.1930633,88.321,20.69,13.73,-0.07,1.163,1.792,0.38,3,10
2015-09-14T12:47:50.00Z,35.0173221,-79.1930323,88.306,21.39,14.25,-0.08,1.160,1.790,0.32,3,10
2015-09-14T12:47:50.20Z,35.0173621,-79.1930009,88.411,22.03,14.61,-0.12,1.161,1.792,0.32,3,10
2015-09-14T12:47:50.40Z,35.0174032,-79.1929686,88.480,22.61,14.93,-0.08,1.161,1.793,0.31,3,10
2015-09-14T12:47:50.60Z,35.0174450,-79.1929353,88.555,23.13,15.23,-0.11,1.161,1.797,0.31,3,10
2015-09-14T12:47:50.80Z,35.0174878,-79.1929012,88.608,23.66,15.56,-0.13,1.159,1.802,0.29,3,10
2015-09-14T12:47:51.00Z,35.0175314,-79.1928663,88.599,24.22,15.92,-0.04,1.159,1.805,0.28,3,10
2015-09-14T12:47:51.20Z,35.0175759,-79.1928304,88.606,24.82,16.41,-0.07,1.162,1.808,0.29,3,10
2015-09-14T12:47:51.40Z,35.0176212,-79.1927938,88.680,25.20,16.76,-0.11,1.163,1.809,0.28,3,10
2015-09-14T12:47:51.60Z,35.0176675,-79.1927565,88.706,25.81,17.13,-0.10,1.162,1.810,0.27,3,10
2015-09-14T12:47:51.80Z,35.0177146,-79.1927177,88.792,26.07,17.66,-0.23,1.163,1.814,0.27,3,10
2015-09-14T12:47:52.00Z,35.0177635,-79.1926787,88.832,26.74,17.62,-0.26,1.164,1.820,0.27,3,10
2015-09-14T12:47:52.20Z,35.0178126,-79.1926380,88.831,27.18,18.46,-0.20,1.169,1.830,0.35,3,10
2015-09-14T12:47:52.40Z,35.0178625,-79.1925978,88.960,27.71,18.48,-0.22,1.163,1.809,0.26,3,10
2015-09-14T12:47:52.60Z,35.0179134,-79.1925560,88.954,28.17,18.99,-0.16,1.158,1.787,0.24,3,10
2015-09-14T12:47:52.80Z,35.0179652,-79.1925131,88.913,28.62,19.37,-0.03,1.154,1.766,0.22,3,10
2015-09-14T12:47:53.00Z,35.0180177,-79.1924704,89.055,29.14,19.45,-0.16,1.152,1.760,0.26,3,10
2015-09-14T12:47:53.20Z,35.0180715,-79.1924278,89.096,29.77,19.54,-0.26,1.156,1.763,0.36,3,10
2015-09-14T12:47:53.40Z,35.0181259,-79.1923827,89.251,30.05,20.39,-0.45,1.150,1.759,0.31,3,10
2015-09-14T12:47:53.60Z,35.0181817,-79.1923371,89.397,30.70,20.60,-0.38,1.147,1.764,0.38,3,10
2015-09-14T12:47:53.80Z,35.0182383,-79.1922909,89.569,31.27,20.71,-0.40,1.146,1.771,0.31,3,10
2015-09-14T12:47:54.00Z,35.0182956,-79.1922438,89.551,31.67,21.18,-0.30,1.139,1.775,0.27,3,10
2015-09-14T12:47:54.20Z,35.0183545,-79.1921969,89.494,32.58,21.22,-0.19,1.142,1.782,0.37,3,10
2015-09-14T12:47:54.40Z,35.0184135,-79.1921506,89.650,32.66,21.28,-0.37,1.142,1.787,0.35,3,10
2015-09-14T12:47:54.60Z,35.0184739,-79.1921031,89.746,33.26,21.69,-0.55,1.150,1.795,0.42,3,10
2015-09-14T12:47:54.80Z,35.0185349,-79.1920558,90.042,33.66,21.87,-0.90,1.152,1.801,0.33,3,10
2015-09-14T12:47:55.00Z,35.0185961,-79.1920074,90.305,34.11,22.25,-1.06,1.152,1.807,0.38,3,10
2015-09-14T12:47:55.20Z,35.0186582,-79.1919585,90.510,34.46,22.37,-1.06,1.158,1.810,0.42,3,10
2015-09-14T12:47:55.40Z,35.0187206,-79.1919089,90.578,34.46,22.60,-0.94,1.161,1.815,0.39,3,10
2015-09-14T12:47:55.60Z,35.0187831,-79.1918588,90.909,34.66,22.92,-1.14,1.164,1.828,0.40,3,10
2015-09-14T12:47:55.80Z,35.0188479,-79.1918080,91.106,35.56,23.31,-1.17,1.163,1.834,0.30,3,10
2015-09-14T12:47:56.00Z,35.0189128,-79.1917568,91.413,35.84,23.62,-1.31,1.161,1.842,0.31,3,10
2015-09-14T12:47:56.20Z,35.0189786,-79.1917041,91.697,36.34,23.96,-1.43,1.167,1.859,0.41,3,10
2015-09-14T12:47:56.40Z,35.0190448,-79.1916510,91.943,36.64,24.22,-1.47,1.171,1.879,0.41,3,10
2015-09-14T12:47:56.60Z,35.0191116,-79.1915987,92.161,36.96,23.98,-1.42,1.172,1.892,0.37,3,10
2015-09-14T12:47:56.80Z,35.0191796,-79.1915449,92.524,37.13,24.24,-1.50,1.167,1.892,0.35,3,10
2015-09-14T12:47:57.00Z,35.0192489,-79.1914900,93.181,37.87,24.62,-1.69,1.160,1.890,0.29,3,10
2015-09-14T12:47:57.20Z,35.0193178,-79.1914356,93.773,38.17,24.97,-1.92,1.154,1.875,0.29,3,10
2015-09-14T12:47:57.40Z,35.0193872,-79.1913803,94.429,38.48,25.27,-2.20,1.146,1.855,0.26,3,10
2015-09-14T12:47:57.60Z,35.0194569,-79.1913242,95.026,38.74,25.66,-2.54,1.137,1.824,0.24,3,10
2015-09-14T12:47:57.80Z,35.0195271,-79.1912686,95.706,38.93,25.54,-2.76,1.132,1.819,0.27,3,10
2015-09-14T12:47:58.00Z,35.0195977,-79.1912122,96.299,38.91,25.70,-2.80,1.130,1.822,0.29,3,10
2015-09-14T12:47:58.20Z,35.0196681,-79.1911544,96.929,39.16,26.02,-2.81,1.125,1.813,0.29,3,10
2015-09-14T12:47:58.40Z,35.0197390,-79.1910974,97.603,39.27,26.09,-2.99,1.124,1.805,0.33,3,10
2015-09-14T12:47:58.60Z,35.0198113,-79.1910395,98.291,40.07,26.33,-3.15,1.123,1.794,0.28,3,10
2015-09-14T12:47:58.80Z,35.0198838,-79.1909812,98.964,40.21,26.42,-3.21,1.123,1.787,0.29,3,10
2015-09-14T12:47:59.00Z,35.0199563,-79.1909228,99.591,40.27,26.49,-3.21,1.126,1.781,0.34,3,10
2015-09-14T12:47:59.20Z,35.0200290,-79.1908635,100.169,40.45,26.90,-3.23,1.128,1.777,0.35,3,10
2015-09-14T12:47:59.40Z,35.0201021,-79.1908042,100.795,40.81,26.79,-3.31,1.126,1.779,0.31,3,10
2015-09-14T12:47:59.60Z,35.0201761,-79.1907452,101.453,41.15,26.95,-3.34,1.123,1.772,0.26,3,10
2015-09-14T12:47:59.80Z,35.0202503,-79.1906860,102.161,41.18,27.09,-3.42,1.127,1.776,0.40,3,10
2015-09-14T12:48:00.00Z,35.0203251,-79.1906260,102.931,41.75,27.33,-3.51,1.127,1.777,0.35,3,10
2015-09-14T12:48:00.20Z,35.0203991,-79.1905658,103.778,41.14,27.58,-3.70,1.131,1.780,0.38,3,10
2015-09-14T12:48:00.40Z,35.0204745,-79.1905048,104.483,41.95,27.71,-3.90,1.129,1.776,0.35,3,10
2015-09-14T12:48:00.60Z,35.0205501,-79.1904425,105.122,42.19,28.08,-3.89,1.126,1.771,0.38,3,10
2015-09-14T12:48:00.80Z,35.0206266,-79.1903808,106.076,42.47,28.22,-4.14,1.129,1.770,0.41,3,10
2015-09-14T12:48:01.00Z,35.0207024,-79.1903197,107.001,42.16,27.95,-4.40,1.127,1.770,0.37,3,10
2015-09-14T12:48:01.20Z,35.0207793,-79.1902591,107.975,42.38,28.00,-4.64,1.125,1.772,0.34,3,10
2015-09-14T12:48:01.40Z,35.0208565,-79.1901978,108.944,42.63,28.11,-4.84,1.123,1.776,0.36,3,10
2015-09-14T12:48:01.60Z,35.0209340,-79.1901370,109.958,42.93,28.14,-5.14,1.121,1.780,0.35,3,10
2015-09-14T12:48:01.80Z,35.0210119,-79.1900756,111.041,42.99,28.21,-5.34,1.126,1.792,0.42,3,10
2015-09-14T12:48:02.00Z,35.0210899,-79.1900139,112.196,43.27,28.24,-5.64,1.133,1.801,0.44,3,10
2015-09-14T12:48:02.20Z,35.0211680,-79.1899520,113.482,43.34,28.38,-5.93,1.135,1.805,0.31,3,10
2015-09-14T12:48:02.40Z,35.0212460,-79.1898900,114.861,43.37,28.42,-6.31,1.140,1.812,0.30,3,10
2015-09-14T12:48:02.60Z,35.0213237,-79.1898282,116.374,43.29,28.40,-6.69,1.144,1.817,0.32,3,10
2015-09-14T12:48:02.80Z,35.0214015,-79.1897663,117.953,43.28,28.47,-7.09,1.148,1.823,0.32,3,10
2015-09-14T12:48:03.00Z,35.0214798,-79.1897044,119.529,43.51,28.41,-7.39,1.151,1.825,0.30,3,10
2015-09-14T12:48:03.20Z,35.0215578,-79.1896425,121.208,43.50,28.42,-7.69,1.153,1.824,0.29,3,10
2015-09-14T12:48:03.40Z,35.0216358,-79.1895808,122.897,43.53,28.36,-7.86,1.154,1.820,0.30,3,10
2015-09-14T12:48:03.60Z,35.0217136,-79.1895183,124.544,43.56,28.56,-8.14,1.153,1.814,0.29,3,10
2015-09-14T12:48:03.80Z,35.0217918,-79.1894564,126.367,43.44,28.53,-8.46,1.149,1.802,0.24,3,10
2015-09-14T12:48:04.00Z,35.0218702,-79.1893941,128.211,43.40,28.56,-8.76,1.146,1.794,0.25,3,10
2015-09-14T12:48:04.20Z,35.0219479,-79.1893316,130.011,43.28,28.54,-8.99,1.143,1.788,0.25,3,10
2015-09-14T12:48:04.40Z,35.0220257,-79.1892692,131.960,43.28,28.63,-9.34,1.139,1.780,0.24,3,10
2015-09-14T12:48:04.60Z,35.0221034,-79.1892067,133.934,43.20,28.64,-9.63,1.135,1.772,0.24,3,10
2015-09-14T12:48:04.80Z,35.0221810,-79.1891437,135.943,43.02,28.84,-9.85,1.132,1.767,0.27,3,10
2015-09-14T12:48:05.00Z,35.0222583,-79.1890809,138.031,42.90,28.72,-10.10,1.132,1.764,0.29,3,10
2015-09-14T12:48:05.20Z,35.0223357,-79.1890186,140.139,42.88,28.50,-10.34,1.131,1.761,0.29,3,10
2015-09-14T12:48:05.40Z,35.0224128,-79.1889561,142.236,42.90,28.56,-10.48,1.130,1.758,0.25,3,10
2015-09-14T12:48:05.60Z,35.0224899,-79.1888930,144.398,42.72,28.75,-10.61,1.127,1.753,0.23,3,10
2015-09-14T12:48:05.80Z,35.0225669,-79.1888303,146.543,42.61,28.70,-10.68,1.124,1.746,0.23,3,10
2015-09-14T12:48:06.00Z,35.0226436,-79.1887674,148.730,42.44,28.84,-10.86,1.122,1.741,0.24,3,10
2015-09-14T12:48:06.20Z,35.0227200,-79.1887044,150.963,42.38,28.70,-11.11,1.123,1.737,0.24,3,10
2015-09-14T12:48:06.40Z,35.0227961,-79.1886415,153.210,42.23,28.63,-11.33,1.123,1.735,0.24,3,10
2015-09-14T12:48:06.60Z,35.0228720,-79.1885789,155.614,42.09,28.59,-11.58,1.122,1.735,0.25,3,10
2015-09-14T12:48:06.80Z,35.0229479,-79.1885167,158.026,42.02,28.41,-11.80,1.121,1.734,0.25,3,10
2015-09-14T12:48:07.00Z,35.0230236,-79.1884548,160.454,41.89,28.19,-12.03,1.122,1.736,0.26,3,10
2015-09-14T12:48:07.20Z,35.0230991,-79.1883934,162.956,41.81,28.01,-12.22,1.125,1.739,0.31,3,10
2015-09-14T12:48:07.40Z,35.0231743,-79.1883326,165.514,41.65,27.77,-12.51,1.129,1.744,0.34,3,10
2015-09-14T12:48:07.60Z,35.0232493,-79.1882726,168.064,41.59,27.40,-12.69,1.132,1.750,0.34,3,10
2015-09-14T12:48:07.80Z,35.0233238,-79.1882124,170.555,41.42,27.15,-12.92,1.134,1.756,0.34,3,10
2015-09-14T12:48:08.00Z,35.0233983,-79.1881526,173.229,41.29,27.16,-13.21,1.136,1.762,0.35,3,10
2015-09-14T12:48:08.20Z,35.0234721,-79.1880928,175.905,40.98,26.93,-13.45,1.137,1.767,0.34,3,10
2015-09-14T12:48:08.40Z,35.0235458,-79.1880334,178.671,40.84,26.79,-13.78,1.139,1.774,0.33,3,10
2015-09-14T12:48:08.60Z,35.0236194,-79.1879750,181.525,40.72,26.55,-14.01,1.139,1.774,0.26,3,10
2015-09-14T12:48:08.80Z,35.0236929,-79.1879165,184.410,40.61,26.50,-14.21,1.137,1.777,0.26,3,10
2015-09-14T12:48:09.00Z,35.0237660,-79.1878590,187.292,40.52,26.20,-14.41,1.134,1.783,0.28,3,10
2015-09-14T12:48:09.20Z,35.0238388,-79.1878019,190.173,40.37,25.96,-14.54,1.132,1.788,0.28,3,10
2015-09-14T12:48:09.40Z,35.0239112,-79.1877449,193.083,40.12,25.93,-14.68,1.128,1.790,0.27,3,10
2015-09-14T12:48:09.60Z,35.0239832,-79.1876887,196.002,39.91,25.58,-14.79,1.127,1.793,0.27,3,10
2015-09-14T12:48:09.80Z,35.0240549,-79.1876329,198.934,39.80,25.40,-14.90,1.128,1.795,0.27,3,10
2015-09-14T12:48:10.00Z,35.0241255,-79.1875777,201.978,39.33,25.26,-15.10,1.128,1.792,0.26,3,10
2015-09-14T12:48:10.20Z,35.0241959,-79.1875223,205.024,39.14,25.24,-15.26,1.127,1.785,0.25,3,10
2015-09-14T12:48:10.40Z,35.0242651,-79.1874665,208.097,38.73,25.22,-15.40,1.125,1.778,0.25,3,10
2015-09-14T12:48:10.60Z,35.0243346,-79.1874111,211.146,38.60,25.08,-15.52,1.122,1.765,0.24,3,10
2015-09-14T12:48:10.80Z,35.0244036,-79.1873563,214.258,38.34,24.86,-15.65,1.124,1.765,0.30,3,10
2015-09-14T12:48:11.00Z,35.0244723,-79.1873019,217.410,38.13,24.87,-15.73,1.125,1.759,0.30,3,10
2015-09-14T12:48:11.20Z,35.0245405,-79.1872481,220.615,37.87,24.60,-15.84,1.126,1.757,0.30,3,10
2015-09-14T12:48:11.40Z,35.0246082,-79.1871951,223.785,37.54,24.29,-15.90,1.127,1.758,0.31,3,10
2015-09-14T12:48:11.60Z,35.0246761,-79.1871425,226.945,37.53,23.94,-15.90,1.129,1.761,0.31,3,10
2015-09-14T12:48:11.80Z,35.0247435,-79.1870904,230.156,37.43,23.60,-15.98,1.132,1.764,0.32,3,10
2015-09-14T12:48:12.00Z,35.0248108,-79.1870387,233.335,37.45,23.28,-16.07,1.131,1.764,0.32,3,10
2015-09-14T12:48:12.20Z,35.0248780,-79.1869887,236.551,37.25,22.83,-16.10,1.134,1.767,0.35,3,10
2015-09-14T12:48:12.40Z,35.0249452,-79.1869394,239.763,37.27,22.52,-16.14,1.139,1.771,0.34,3,10
2015-09-14T12:48:12.60Z,35.0250116,-79.1868910,242.912,36.92,22.11,-16.06,1.144,1.775,0.36,3,10
2015-09-14T12:48:12.80Z,35.0250790,-79.1868439,246.195,37.25,21.49,-16.07,1.147,1.777,0.33,3,10
2015-09-14T12:48:13.00Z,35.0251460,-79.1867978,249.332,37.09,21.04,-16.01,1.146,1.777,0.31,3,10
2015-09-14T12:48:13.20Z,35.0252134,-79.1867529,252.508,37.16,20.53,-16.03,1.143,1.774,0.26,3,10
2015-09-14T12:48:13.40Z,35.0252810,-79.1867090,255.664,37.36,20.04,-15.94,1.142,1.778,0.28,3,10
2015-09-14T12:48:13.60Z,35.0253481,-79.1866663,258.812,37.21,19.55,-15.84,1.145,1.785,0.32,3,10
2015-09-14T12:48:13.80Z,35.0254154,-79.1866244,261.926,37.31,19.09,-15.75,1.149,1.792,0.32,3,10
2015-09-14T12:48:14.00Z,35.0254824,-79.1865835,265.011,37.25,18.76,-15.58,1.152,1.797,0.33,3,10
2015-09-14T12:48:14.20Z,35.0255495,-79.1865440,268.130,37.35,18.11,-15.44,1.154,1.797,0.28,3,10
2015-09-14T12:48:14.40Z,35.0256166,-79.1865054,271.220,37.34,17.67,-15.31,1.155,1.798,0.28,3,10
2015-09-14T12:48:14.60Z,35.0256837,-79.1864677,274.166,37.27,17.16,-15.08,1.157,1.799,0.29,3,10
2015-09-14T12:48:14.80Z,35.0257510,-79.1864310,277.121,37.37,16.65,-14.89,1.159,1.800,0.28,3,10
2015-09-14T12:48:15.00Z,35.0258183,-79.1863955,279.992,37.42,16.16,-14.71,1.156,1.792,0.27,3,10
2015-09-14T12:48:15.20Z,35.0258854,-79.1863609,282.810,37.56,15.64,-14.51,1.148,1.772,0.24,3,10
2015-09-14T12:48:15.40Z,35.0259531,-79.1863272,285.513,37.66,15.14,-14.28,1.139,1.752,0.24,3,10
2015-09-14T12:48:15.60Z,35.0260205,-79.1862950,288.292,37.73,14.64,-14.02,1.132,1.733,0.24,3,10
2015-09-14T12:48:15.80Z,35.0260879,-79.1862638,291.014,37.77,14.14,-13.76,1.126,1.720,0.24,3,10
2015-09-14T12:48:16.00Z,35.0261556,-79.1862334,293.641,37.83,13.62,-13.63,1.125,1.717,0.25,3,10
2015-09-14T12:48:16.20Z,35.0262238,-79.1862047,296.254,37.95,13.03,-13.45,1.123,1.718,0.25,3,10
2015-09-14T12:48:16.40Z,35.0262922,-79.1861773,298.875,37.99,12.49,-13.29,1.124,1.721,0.26,3,10
2015-09-14T12:48:16.60Z,35.0263608,-79.1861511,301.443,38.06,11.95,-13.05,1.127,1.725,0.27,3,10
2015-09-14T12:48:16.80Z,35.0264295,-79.1861261,303.965,38.14,11.40,-12.86,1.129,1.729,0.27,3,10
2015-09-14T12:48:17.00Z,35.0264986,-79.1861020,306.451,38.26,11.03,-12.62,1.131,1.733,0.27,3,10
2015-09-14T12:48:17.20Z,35.0265681,-79.1860793,308.976,38.35,10.45,-12.48,1.132,1.735,0.27,3,10
2015-09-14T12:48:17.40Z,35.0266368,-79.1860577,311.392,38.46,9.93,-12.25,1.133,1.734,0.25,3,10
2015-09-14T12:48:17.60Z,35.0267059,-79.1860373,313.796,38.53,9.41,-12.06,1.133,1.733,0.26,3,10
2015-09-14T12:48:17.80Z,35.0267755,-79.1860182,316.168,38.71,8.82,-11.85,1.133,1.731,0.25,3,10
2015-09-14T12:48:18.00Z,35.0268453,-79.1859999,318.505,38.82,8.38,-11.67,1.134,1.730,0.27,3,10
2015-09-14T12:48:18.20Z,35.0269153,-79.1859829,320.776,38.83,7.80,-11.41,1.135,1.729,0.26,3,10
2015-09-14T12:48:18.40Z,35.0269854,-79.1859670,323.106,39.01,7.37,-11.26,1.136,1.723,0.26,3,10
2015-09-14T12:48:18.60Z,35.0270551,-79.1859519,325.370,39.01,6.87,-11.03,1.133,1.712,0.25,3,10
2015-09-14T12:48:18.80Z,35.0271253,-79.1859382,327.574,39.12,6.35,-10.82,1.131,1.701,0.25,3,10
2015-09-14T12:48:19.00Z,35.0271957,-79.1859254,329.669,39.02,5.88,-10.69,1.134,1.694,0.26,3,10
2015-09-14T12:48:19.20Z,35.0272665,-79.1859144,331.854,39.25,5.25,-10.62,1.135,1.685,0.24,3,10
2015-09-14T12:48:19.40Z,35.0273374,-79.1859039,333.902,39.33,4.77,-10.49,1.135,1.676,0.23,3,10
2015-09-14T12:48:19.60Z,35.0274086,-79.1858945,335.834,39.40,4.20,-10.34,1.133,1.662,0.23,3,10
2015-09-14T12:48:19.80Z,35.0274799,-79.1858867,337.709,39.45,3.66,-10.19,1.130,1.648,0.23,3,10
2015-09-14T12:48:20.00Z,35.0275511,-79.1858804,339.747,39.55,3.15,-10.10,1.126,1.634,0.23,3,10
2015-09-14T12:48:20.20Z,35.0276229,-79.1858752,341.662,39.63,2.67,-9.98,1.121,1.620,0.24,3,9
2015-09-14T12:48:20.40Z,35.0276943,-79.1858710,343.577,39.66,2.01,-9.90,1.115,1.607,0.24,3,9
2015-09-14T12:48:20.60Z,35.0277657,-79.1858675,345.562,39.72,1.46,-9.79,1.109,1.593,0.22,3,10
2015-09-14T12:48:20.80Z,35.0278369,-79.1858652,347.424,39.76,0.86,-9.76,1.101,1.573,0.22,3,10
2015-09-14T12:48:21.00Z,35.0279082,-79.1858643,349.448,39.76,0.31,-9.71,1.093,1.553,0.22,3,10
2015-09-14T12:48:21.20Z,35.0279799,-79.1858643,351.366,39.84,-0.29,-9.67,1.086,1.537,0.23,3,10
2015-09-14T12:48:21.40Z,35.0280516,-79.1858663,353.239,39.76,-0.97,-9.53,1.082,1.531,0.23,3,10
2015-09-14T12:48:21.60Z,35.0281235,-79.1858695,355.091,39.93,-1.54,-9.55,1.081,1.527,0.27,3,10
2015-09-14T12:48:21.80Z,35.0281959,-79.1858743,356.855,39.86,-2.09,-9.43,1.071,1.513,0.26,3,10
2015-09-14T12:48:22.00Z,35.0282669,-79.1858810,358.751,39.35,-2.76,-9.37,1.065,1.505,0.35,3,10
2015-09-14T12:48:22.20Z,35.0283392,-79.1858871,360.700,40.06,-2.87,-9.56,1.071,1.510,0.46,3,10
2015-09-14T12:48:22.40Z,35.0284110,-79.1858963,362.475,40.06,-3.75,-9.26,1.072,1.515,0.36,3,10
2015-09-14T12:48:22.60Z,35.0284844,-79.1859056,364.228,40.36,-4.09,-8.97,1.072,1.517,0.36,3,10
2015-09-14T12:48:22.80Z,35.0285566,-79.1859160,365.823,40.01,-4.60,-8.76,1.077,1.512,0.46,3,10
2015-09-14T12:48:23.00Z,35.0286293,-79.1859281,367.580,40.30,-5.24,-8.77,1.082,1.508,0.42,3,10
2015-09-14T12:48:23.20Z,35.0287010,-79.1859405,369.572,40.06,-5.77,-8.74,1.076,1.506,0.29,3,10
2015-09-14T12:48:23.40Z,35.0287732,-79.1859546,371.433,40.05,-6.40,-8.74,1.073,1.506,0.29,3,10
2015-09-14T12:48:23.60Z,35.0288459,-79.1859706,373.194,40.20,-6.89,-8.74,1.065,1.497,0.26,3,10
2015-09-14T12:48:23.80Z,35.0289182,-79.1859875,375.004,40.17,-7.50,-8.71,1.057,1.486,0.25,3,10
2015-09-14T12:48:24.00Z,35.0289907,-79.1860063,376.773,40.03,-8.12,-8.65,1.048,1.475,0.20,3,10
2015-09-14T12:48:24.20Z,35.0290630,-79.1860252,378.553,40.03,-8.71,-8.53,1.043,1.470,0.22,3,10
2015-09-14T12:48:24.40Z,35.0291357,-79.1860454,380.366,40.08,-9.34,-8.54,1.036,1.464,0.21,3,10
2015-09-14T12:48:24.60Z,35.0292081,-79.1860668,382.130,40.03,-9.85,-8.57,1.032,1.463,0.23,3,10
2015-09-14T12:48:24.80Z,35.0292809,-79.1860897,383.821,40.08,-10.45,-8.44,1.029,1.464,0.23,3,10
2015-09-14T12:48:25.00Z,35.0293534,-79.1861142,385.476,40.06,-11.11,-8.34,1.028,1.466,0.24,3,10
2015-09-14T12:48:25.20Z,35.0294257,-79.1861399,387.070,40.01,-11.68,-8.19,1.028,1.467,0.23,3,10
2015-09-14T12:48:25.40Z,35.0294977,-79.1861664,388.655,40.02,-12.20,-8.11,1.028,1.467,0.24,3,10
2015-09-14T12:48:25.60Z,35.0295699,-79.1861947,390.267,40.03,-12.89,-8.03,1.026,1.467,0.23,3,10
2015-09-14T12:48:25.80Z,35.0296421,-79.1862242,391.828,40.06,-13.50,-7.88,1.024,1.465,0.22,3,9
2015-09-14T12:48:26.00Z,35.0297141,-79.1862552,393.315,40.02,-14.12,-7.71,1.022,1.464,0.22,3,9
2015-09-14T12:48:26.20Z,35.0297861,-79.1862874,394.734,40.01,-14.74,-7.56,1.022,1.465,0.24,3,9
2015-09-14T12:48:26.40Z,35.0298584,-79.1863220,396.088,40.04,-15.45,-7.42,1.024,1.468,0.24,3,8
2015-09-14T12:48:26.60Z,35.0299307,-79.1863578,397.379,40.18,-16.05,-7.36,1.029,1.474,0.27,3,9
2015-09-14T12:48:26.80Z,35.0300030,-79.1863946,398.799,40.03,-16.50,-7.17,1.037,1.483,0.30,3,10
2015-09-14T12:48:27.00Z,35.0300748,-79.1864325,400.179,39.94,-17.27,-7.11,1.047,1.496,0.30,3,10
2015-09-14T12:48:27.20Z,35.0301470,-79.1864728,401.626,39.84,-18.10,-7.11,1.051,1.503,0.25,3,10
2015-09-14T12:48:27.40Z,35.0302189,-79.1865139,402.957,39.79,-18.77,-7.00,1.050,1.503,0.25,3,10
2015-09-14T12:48:27.60Z,35.0302905,-79.1865567,404.341,39.70,-19.34,-6.99,1.050,1.512,0.28,3,10
2015-09-14T12:48:27.80Z,35.0303617,-79.1866009,405.700,39.61,-19.94,-6.99,1.053,1.520,0.29,3,10
2015-09-14T12:48:28.00Z,35.0304325,-79.1866460,407.092,39.39,-20.36,-7.04,1.052,1.530,0.24,3,9
2015-09-14T12:48:28.20Z,35.0305037,-79.1866933,408.543,39.37,-21.29,-7.09,1.049,1.525,0.21,3,10
2015-09-14T12:48:28.40Z,35.0305744,-79.1867418,409.991,39.18,-21.96,-7.11,1.048,1.520,0.24,3,10
2015-09-14T12:48:28.60Z,35.0306455,-79.1867911,411.385,39.20,-22.46,-6.97,1.041,1.510,0.21,3,10
2015-09-14T12:48:28.80Z,35.0307157,-79.1868411,412.747,39.02,-23.05,-6.92,1.042,1.517,0.26,3,10
2015-09-14T12:48:29.00Z,35.0307859,-79.1868938,414.159,38.93,-23.85,-7.10,1.043,1.522,0.24,3,10
2015-09-14T12:48:29.20Z,35.0308557,-79.1869474,415.546,38.73,-24.46,-7.17,1.047,1.528,0.26,3,10
2015-09-14T12:48:29.40Z,35.0309254,-79.1870023,416.989,38.71,-24.97,-7.11,1.049,1.528,0.32,3,10
2015-09-14T12:48:29.60Z,35.0309948,-79.1870585,418.441,38.53,-25.57,-7.11,1.051,1.531,0.30,3,10
2015-09-14T12:48:29.80Z,35.0310643,-79.1871163,419.960,38.48,-26.17,-7.18,1.049,1.531,0.26,3,10
2015-09-14T12:48:30.00Z,35.0311333,-79.1871753,421.379,38.26,-26.84,-7.17,1.053,1.538,0.31,3,10
2015-09-14T12:48:30.20Z,35.0312015,-79.1872358,422.844,37.88,-27.43,-7.29,1.059,1.541,0.34,3,10
2015-09-14T12:48:30.40Z,35.0312690,-79.1872972,424.238,37.58,-27.91,-7.28,1.060,1.542,0.30,3,10
2015-09-14T12:48:30.60Z,35.0313364,-79.1873597,425.592,37.51,-28.53,-7.31,1.063,1.547,0.26,3,10
2015-09-14T12:48:30.80Z,35.0314031,-79.1874233,426.964,37.28,-29.08,-7.31,1.064,1.553,0.27,3,10
2015-09-14T12:48:31.00Z,35.0314695,-79.1874882,428.428,37.08,-29.64,-7.40,1.065,1.555,0.27,3,10
2015-09-14T12:48:31.20Z,35.0315355,-79.1875540,429.868,36.81,-29.99,-7.38,1.065,1.549,0.27,3,10
2015-09-14T12:48:31.40Z,35.0316009,-79.1876220,431.388,36.58,-30.76,-7.47,1.060,1.548,0.23,3,10
2015-09-14T12:48:31.60Z,35.0316660,-79.1876907,432.913,36.22,-31.34,-7.51,1.061,1.544,0.24,3,10
2015-09-14T12:48:31.80Z,35.0317306,-79.1877613,434.487,35.96,-31.98,-7.55,1.058,1.531,0.25,3,10
2015-09-14T12:48:32.00Z,35.0317952,-79.1878325,435.981,35.88,-32.38,-7.55,1.062,1.535,0.28,3,10
2015-09-14T12:48:32.20Z,35.0318595,-79.1879052,437.415,35.80,-32.93,-7.50,1.067,1.543,0.35,3,10
2015-09-14T12:48:32.40Z,35.0319224,-79.1879790,438.911,35.28,-33.36,-7.53,1.069,1.551,0.37,3,10
2015-09-14T12:48:32.60Z,35.0319852,-79.1880541,440.520,34.80,-34.00,-7.65,1.075,1.564,0.32,3,10
2015-09-14T12:48:32.80Z,35.0320480,-79.1881306,442.156,34.77,-34.65,-7.69,1.080,1.575,0.29,3,10
2015-09-14T12:48:33.00Z,35.0321102,-79.1882071,443.715,34.43,-34.91,-7.65,1.086,1.579,0.36,3,10
2015-09-14T12:48:33.20Z,35.0321713,-79.1882851,445.275,33.94,-35.45,-7.75,1.087,1.576,0.27,3,10
2015-09-14T12:48:33.40Z,35.0322320,-79.1883645,446.959,33.67,-36.17,-7.94,1.089,1.576,0.27,3,10
2015-09-14T12:48:33.60Z,35.0322920,-79.1884449,448.824,33.38,-36.66,-8.19,1.090,1.576,0.26,3,10
2015-09-14T12:48:33.80Z,35.0323515,-79.1885257,450.454,33.00,-36.92,-8.14,1.092,1.578,0.26,3,10
2015-09-14T12:48:34.00Z,35.0324106,-79.1886081,452.093,32.74,-37.65,-8.18,1.093,1.584,0.25,3,10
2015-09-14T12:48:34.20Z,35.0324688,-79.1886911,453.695,32.37,-37.88,-8.20,1.090,1.587,0.25,3,10
2015-09-14T12:48:34.40Z,35.0325263,-79.1887759,455.307,32.08,-38.44,-8.28,1.089,1.590,0.25,3,10
2015-09-14T12:48:34.60Z,35.0325830,-79.1888613,456.982,31.59,-38.96,-8.39,1.091,1.598,0.25,3,10
2015-09-14T12:48:34.80Z,35.0326394,-79.1889475,458.672,31.33,-39.33,-8.44,1.092,1.601,0.26,3,10
2015-09-14T12:48:35.00Z,35.0326950,-79.1890346,460.376,30.98,-39.77,-8.49,1.097,1.615,0.25,3,10
2015-09-14T12:48:35.20Z,35.0327498,-79.1891231,462.087,30.50,-40.32,-8.56,1.103,1.632,0.30,3,10
2015-09-14T12:48:35.40Z,35.0328043,-79.1892121,463.827,30.35,-40.72,-8.62,1.109,1.649,0.33,3,10
2015-09-14T12:48:35.60Z,35.0328579,-79.1893016,465.499,29.84,-41.08,-8.61,1.114,1.664,0.33,3,10
2015-09-14T12:48:35.80Z,35.0329113,-79.1893929,467.241,29.57,-41.62,-8.67,1.120,1.678,0.35,3,10
2015-09-14T12:48:36.00Z,35.0329637,-79.1894850,469.024,29.18,-41.88,-8.77,1.128,1.690,0.36,3,10
2015-09-14T12:48:36.20Z,35.0330152,-79.1895780,470.762,28.69,-42.30,-8.83,1.136,1.703,0.33,3,10
2015-09-14T12:48:36.40Z,35.0330654,-79.1896722,472.519,28.16,-42.67,-8.96,1.144,1.712,0.30,3,10
2015-09-14T12:48:36.60Z,35.0331146,-79.1897677,474.465,27.67,-43.24,-9.25,1.142,1.698,0.30,3,10
2015-09-14T12:48:36.80Z,35.0331634,-79.1898633,476.297,27.16,-43.52,-9.26,1.141,1.688,0.29,3,10
2015-09-14T12:48:37.00Z,35.0332114,-79.1899595,478.215,26.58,-43.91,-9.44,1.138,1.682,0.25,3,10
2015-09-14T12:48:37.20Z,35.0332586,-79.1900568,480.183,26.24,-44.33,-9.59,1.137,1.681,0.26,3,10
2015-09-14T12:48:37.40Z,35.0333048,-79.1901551,482.230,25.76,-44.69,-9.84,1.136,1.683,0.26,3,10
2015-09-14T12:48:37.60Z,35.0333504,-79.1902542,484.269,25.27,-45.04,-9.97,1.138,1.687,0.25,3,10
2015-09-14T12:48:37.80Z,35.0333952,-79.1903542,486.396,25.11,-45.39,-9.97,1.138,1.684,0.31,3,10
2015-09-14T12:48:38.00Z,35.0334380,-79.1904546,488.467,24.05,-45.64,-10.08,1.137,1.677,0.29,3,10
2015-09-14T12:48:38.20Z,35.0334809,-79.1905558,490.578,23.81,-46.08,-10.25,1.141,1.680,0.29,3,10
2015-09-14T12:48:38.40Z,35.0335226,-79.1906575,492.642,23.22,-46.36,-10.28,1.146,1.684,0.31,3,10
2015-09-14T12:48:38.60Z,35.0335641,-79.1907599,494.767,22.96,-46.48,-10.40,1.150,1.691,0.26,3,10
2015-09-14T12:48:38.80Z,35.0336042,-79.1908629,496.876,22.34,-46.90,-10.45,1.155,1.700,0.27,3,10
2015-09-14T12:48:39.00Z,35.0336435,-79.1909663,498.992,21.87,-47.15,-10.53,1.160,1.709,0.28,3,10
2015-09-14T12:48:39.20Z,35.0336822,-79.1910703,501.122,21.49,-47.40,-10.61,1.166,1.720,0.31,3,10
2015-09-14T12:48:39.40Z,35.0337200,-79.1911748,503.178,21.04,-47.59,-10.58,1.167,1.721,0.28,3,10
2015-09-14T12:48:39.60Z,35.0337566,-79.1912802,505.442,20.42,-47.93,-10.74,1.170,1.727,0.29,3,10
2015-09-14T12:48:39.80Z,35.0337919,-79.1913866,507.707,19.86,-48.32,-10.75,1.171,1.733,0.29,3,10
2015-09-14T12:48:40.00Z,35.0338267,-79.1914930,509.964,19.40,-48.52,-10.79,1.173,1.736,0.30,3,10
2015-09-14T12:48:40.20Z,35.0338602,-79.1916002,512.120,18.94,-48.62,-10.73,1.174,1.748,0.35,3,10
2015-09-14T12:48:40.40Z,35.0338932,-79.1917075,514.339,18.51,-48.81,-10.80,1.174,1.759,0.32,3,10
2015-09-14T12:48:40.60Z,35.0339258,-79.1918153,516.489,18.11,-49.07,-10.88,1.178,1.772,0.31,3,10
2015-09-14T12:48:40.80Z,35.0339574,-79.1919235,518.692,17.57,-49.28,-10.91,1.183,1.786,0.32,3,10
2015-09-14T12:48:41.00Z,35.0339879,-79.1920323,520.948,17.01,-49.55,-10.96,1.190,1.801,0.29,3,10
2015-09-14T12:48:41.20Z,35.0340176,-79.1921415,523.152,16.52,-49.80,-10.92,1.195,1.812,0.30,3,10
2015-09-14T12:48:41.40Z,35.0340460,-79.1922511,525.417,15.96,-49.93,-10.98,1.198,1.816,0.30,3,10
2015-09-14T12:48:41.60Z,35.0340741,-79.1923616,527.709,15.63,-50.40,-11.07,1.192,1.801,0.27,3,10
2015-09-14T12:48:41.80Z,35.0341015,-79.1924719,529.973,15.11,-50.54,-11.00,1.187,1.793,0.27,3,10
2015-09-14T12:48:42.00Z,35.0341279,-79.1925831,532.189,14.57,-50.78,-10.98,1.184,1.793,0.30,3,10
2015-09-14T12:48:42.20Z,35.0341532,-79.1926950,534.369,14.01,-51.04,-10.94,1.187,1.799,0.32,3,10
2015-09-14T12:48:42.40Z,35.0341778,-79.1928070,536.569,13.43,-51.23,-10.91,1.187,1.800,0.32,3,10
2015-09-14T12:48:42.60Z,35.0342018,-79.1929192,538.776,12.95,-51.36,-10.87,1.186,1.798,0.37,3,10
2015-09-14T12:48:42.80Z,35.0342247,-79.1930321,541.025,12.45,-51.59,-10.85,1.186,1.795,0.41,3,10
2015-09-14T12:48:43.00Z,35.0342460,-79.1931457,543.123,11.91,-51.80,-10.83,1.185,1.785,0.41,3,10
2015-09-14T12:48:43.20Z,35.0342668,-79.1932589,545.346,11.35,-51.89,-10.82,1.186,1.775,0.45,3,9
2015-09-14T12:48:43.40Z,35.0342860,-79.1933734,547.546,10.80,-52.06,-10.78,1.188,1.768,0.46,3,10
2015-09-14T12:48:43.60Z,35.0343046,-79.1934876,549.680,10.35,-52.18,-10.64,1.196,1.770,0.47,3,10
2015-09-14T12:48:43.80Z,35.0343223,-79.1936024,551.818,9.79,-52.40,-10.66,1.201,1.770,0.45,3,10
2015-09-14T12:48:44.00Z,35.0343392,-79.1937175,553.989,9.28,-52.56,-10.71,1.199,1.769,0.29,3,10
2015-09-14T12:48:44.20Z,35.0343553,-79.1938331,556.087,8.85,-52.78,-10.60,1.198,1.767,0.26,3,10
2015-09-14T12:48:44.40Z,35.0343704,-79.1939490,558.175,8.33,-52.90,-10.56,1.196,1.765,0.24,3,10
2015-09-14T12:48:44.60Z,35.0343846,-79.1940653,560.241,7.82,-53.04,-10.51,1.195,1.763,0.24,3,10
2015-09-14T12:48:44.80Z,35.0343981,-79.1941822,562.322,7.35,-53.22,-10.44,1.194,1.761,0.24,3,10
2015-09-14T12:48:45.00Z,35.0344104,-79.1942990,564.408,6.80,-53.36,-10.46,1.193,1.759,0.24,3,10
2015-09-14T12:48:45.20Z,35.0344219,-79.1944164,566.503,6.33,-53.49,-10.41,1.192,1.757,0.24,3,10
2015-09-14T12:48:45.40Z,35.0344321,-79.1945340,568.559,5.76,-53.65,-10.34,1.192,1.756,0.25,3,10
2015-09-14T12:48:45.60Z,35.0344418,-79.1946521,570.658,5.41,-53.70,-10.28,1.191,1.756,0.26,3,10
2015-09-14T12:48:45.80Z,35.0344499,-79.1947707,572.784,4.73,-53.82,-10.33,1.189,1.755,0.25,3,10
2015-09-14T12:48:46.00Z,35.0344577,-79.1948894,574.899,4.39,-53.97,-10.35,1.187,1.754,0.24,3,10
2015-09-14T12:48:46.20Z,35.0344643,-79.1950086,577.008,3.75,-54.20,-10.32,1.186,1.754,0.24,3,10
2015-09-14T12:48:46.40Z,35.0344704,-79.1951282,579.147,3.30,-54.22,-10.25,1.185,1.756,0.26,3,10
2015-09-14T12:48:46.60Z,35.0344756,-79.1952475,581.179,2.94,-54.36,-10.09,1.186,1.758,0.27,3,10
2015-09-14T12:48:46.80Z,35.0344797,-79.1953672,583.216,2.42,-54.53,-10.06,1.182,1.753,0.25,3,10
2015-09-14T12:48:47.00Z,35.0344830,-79.1954863,585.280,1.74,-54.50,-9.97,1.177,1.741,0.29,3,10
2015-09-14T12:48:47.20Z,35.0344855,-79.1956064,587.284,1.38,-54.66,-9.90,1.173,1.734,0.26,3,10
2015-09-14T12:48:47.40Z,35.0344869,-79.1957264,589.299,0.89,-54.70,-9.89,1.169,1.727,0.27,3,10
2015-09-14T12:48:47.60Z,35.0344874,-79.1958470,591.328,0.37,-54.89,-9.87,1.168,1.725,0.26,3,10
2015-09-14T12:48:47.80Z,35.0344867,-79.1959672,593.257,-0.27,-55.02,-9.84,1.167,1.720,0.26,3,10
2015-09-14T12:48:48.00Z,35.0344854,-79.1960875,595.154,-0.76,-55.09,-9.80,1.168,1.721,0.28,3,10
2015-09-14T12:48:48.20Z,35.0344832,-79.1962084,597.134,-1.19,-55.20,-9.78,1.170,1.722,0.27,3,10
2015-09-14T12:48:48.40Z,35.0344801,-79.1963292,599.063,-1.80,-55.15,-9.78,1.170,1.718,0.25,3,10
2015-09-14T12:48:48.60Z,35.0344762,-79.1964506,601.024,-2.23,-55.28,-9.70,1.173,1.715,0.26,3,10
2015-09-14T12:48:48.80Z,35.0344715,-79.1965721,602.958,-2.77,-55.31,-9.70,1.177,1.714,0.28,3,10
2015-09-14T12:48:49.00Z,35.0344652,-79.1966938,604.961,-3.43,-55.42,-9.74,1.180,1.713,0.29,3,10
2015-09-14T12:48:49.20Z,35.0344589,-79.1968152,606.940,-3.60,-55.32,-9.74,1.185,1.717,0.29,3,10
2015-09-14T12:48:49.40Z,35.0344513,-79.1969367,608.910,-4.16,-55.41,-9.74,1.188,1.721,0.30,3,10
2015-09-14T12:48:49.60Z,35.0344423,-79.1970583,610.873,-4.91,-55.42,-9.75,1.192,1.724,0.30,3,10
2015-09-14T12:48:49.80Z,35.0344326,-79.1971802,612.792,-5.31,-55.54,-9.70,1.195,1.724,0.29,3,10
2015-09-14T12:48:50.00Z,35.0344221,-79.1973020,614.746,-5.78,-55.48,-9.75,1.200,1.725,0.32,3,10
2015-09-14T12:48:50.20Z,35.0344106,-79.1974231,616.696,-6.37,-55.31,-9.77,1.206,1.727,0.32,3,10
2015-09-14T12:48:50.40Z,35.0343982,-79.1975450,618.610,-6.82,-55.57,-9.78,1.211,1.729,0.33,3,10
2015-09-14T12:48:50.60Z,35.0343853,-79.1976666,620.570,-7.18,-55.52,-9.79,1.216,1.730,0.34,3,10
2015-09-14T12:48:50.80Z,35.0343713,-79.1977884,622.478,-7.70,-55.59,-9.79,1.224,1.732,0.34,3,10
2015-09-14T12:48:51.00Z,35.0343564,-79.1979100,624.402,-8.25,-55.52,-9.78,1.229,1.735,0.33,3,10
2015-09-14T12:48:51.20Z,35.0343409,-79.1980315,626.317,-8.70,-55.57,-9.76,1.229,1.735,0.28,3,10
2015-09-14T12:48:51.40Z,35.0343241,-79.1981537,628.194,-9.21,-55.54,-9.70,1.226,1.734,0.28,3,10
2015-09-14T12:48:51.60Z,35.0343075,-79.1982753,630.114,-9.71,-55.55,-9.73,1.219,1.731,0.26,3,9
2015-09-14T12:48:51.80Z,35.0342902,-79.1983974,632.044,-10.14,-55.47,-9.71,1.211,1.730,0.26,3,10
2015-09-14T12:48:52.00Z,35.0342718,-79.1985193,633.985,-10.61,-55.50,-9.71,1.203,1.731,0.27,3,10
2015-09-14T12:48:52.20Z,35.0342533,-79.1986410,635.962,-11.02,-55.44,-9.69,1.198,1.737,0.32,3,10
2015-09-14T12:48:52.40Z,35.0342333,-79.1987623,637.938,-11.44,-55.43,-9.71,1.198,1.743,0.33,3,10
2015-09-14T12:48:52.60Z,35.0342119,-79.1988834,639.873,-11.99,-55.23,-9.68,1.201,1.751,0.34,3,10
2015-09-14T12:48:52.80Z,35.0341899,-79.1990047,641.829,-12.35,-55.35,-9.68,1.205,1.759,0.37,3,10
2015-09-14T12:48:53.00Z,35.0341671,-79.1991255,643.775,-12.83,-55.16,-9.70,1.209,1.768,0.37,3,10
2015-09-14T12:48:53.20Z,35.0341432,-79.1992466,645.757,-13.29,-55.24,-9.74,1.211,1.771,0.32,3,10
2015-09-14T12:48:53.40Z,35.0341186,-79.1993673,647.717,-13.74,-55.13,-9.71,1.213,1.774,0.32,3,10
2015-09-14T12:48:53.60Z,35.0340933,-79.1994882,649.711,-14.05,-55.14,-9.76,1.215,1.777,0.31,3,10
2015-09-14T12:48:53.80Z,35.0340673,-79.1996086,651.677,-14.55,-55.08,-9.75,1.213,1.778,0.26,3,10
2015-09-14T12:48:54.00Z,35.0340405,-79.1997290,653.686,-14.96,-55.04,-9.74,1.210,1.780,0.25,3,10
2015-09-14T12:48:54.20Z,35.0340129,-79.1998492,655.636,-15.37,-54.96,-9.76,1.205,1.781,0.25,3,10
2015-09-14T12:48:54.40Z,35.0339851,-79.1999694,657.585,-15.79,-54.91,-9.81,1.202,1.784,0.25,3,10
2015-09-14T12:48:54.60Z,35.0339567,-79.2000891,659.532,-16.16,-54.79,-9.83,1.199,1.787,0.26,3,10
2015-09-14T12:48:54.80Z,35.0339270,-79.2002091,661.498,-16.66,-54.74,-9.85,1.197,1.792,0.28,3,10
2015-09-14T12:48:55.00Z,35.0338962,-79.2003290,663.412,-17.11,-54.68,-9.77,1.195,1.794,0.27,3,10
2015-09-14T12:48:55.20Z,35.0338649,-79.2004484,665.365,-17.45,-54.56,-9.79,1.195,1.797,0.27,3,10
2015-09-14T12:48:55.40Z,35.0338327,-79.2005679,667.333,-17.86,-54.48,-9.89,1.195,1.798,0.27,3,10
2015-09-14T12:48:55.60Z,35.0338000,-79.2006872,669.323,-18.24,-54.44,-9.90,1.195,1.798,0.27,3,10
2015-09-14T12:48:55.80Z,35.0337663,-79.2008063,671.337,-18.69,-54.24,-9.95,1.194,1.796,0.24,3,10
2015-09-14T12:48:56.00Z,35.0337317,-79.2009250,673.329,-19.09,-54.17,-9.93,1.194,1.794,0.25,3,10
2015-09-14T12:48:56.20Z,35.0336965,-79.2010434,675.317,-19.50,-54.00,-9.99,1.197,1.793,0.28,3,10
2015-09-14T12:48:56.40Z,35.0336606,-79.2011619,677.293,-19.80,-53.99,-9.96,1.200,1.791,0.28,3,10
2015-09-14T12:48:56.60Z,35.0336239,-79.2012797,679.318,-20.30,-53.79,-10.01,1.202,1.783,0.26,3,10
2015-09-14T12:48:56.80Z,35.0335863,-79.2013975,681.364,-20.70,-53.72,-10.02,1.204,1.775,0.27,3,10
2015-09-14T12:48:57.00Z,35.0335484,-79.2015148,683.408,-21.01,-53.57,-10.08,1.205,1.773,0.26,3,10
2015-09-14T12:48:57.20Z,35.0335097,-79.2016318,685.439,-21.40,-53.40,-10.09,1.207,1.775,0.27,3,10
2015-09-14T12:48:57.40Z,35.0334707,-79.2017480,687.509,-21.62,-53.01,-10.23,1.210,1.778,0.30,3,10
2015-09-14T12:48:57.60Z,35.0334308,-79.2018644,689.621,-22.09,-53.16,-10.13,1.207,1.771,0.28,3,10
2015-09-14T12:48:57.80Z,35.0333895,-79.2019804,691.652,-22.68,-52.81,-10.12,1.208,1.770,0.26,3,10
2015-09-14T12:48:58.00Z,35.0333482,-79.2020959,693.635,-22.96,-52.77,-10.18,1.204,1.759,0.24,3,10
2015-09-14T12:48:58.20Z,35.0333061,-79.2022114,695.705,-23.27,-52.61,-10.18,1.205,1.757,0.26,3,10
2015-09-14T12:48:58.40Z,35.0332630,-79.2023268,697.853,-23.75,-52.41,-10.08,1.202,1.749,0.26,3,10
2015-09-14T12:48:58.60Z,35.0332184,-79.2024411,699.989,-24.43,-52.25,-10.07,1.198,1.746,0.30,3,10
2015-09-14T12:48:58.80Z,35.0331745,-79.2025556,702.029,-24.33,-52.16,-10.06,1.198,1.748,0.29,3,10
2015-09-14T12:48:59.00Z,35.0331295,-79.2026694,704.051,-24.88,-51.84,-10.07,1.198,1.753,0.33,3,10
2015-09-14T12:48:59.20Z,35.0330842,-79.2027829,706.143,-25.12,-51.65,-10.13,1.197,1.757,0.30,3,10
2015-09-14T12:48:59.40Z,35.0330383,-79.2028954,708.164,-25.43,-51.35,-10.09,1.194,1.764,0.32,3,10
2015-09-14T12:48:59.60Z,35.0329913,-79.2030076,710.181,-25.99,-51.18,-10.06,1.194,1.776,0.35,3,9
2015-09-14T12:48:59.80Z,35.0329439,-79.2031197,712.307,-26.26,-51.01,-10.18,1.189,1.774,0.25,3,10
2015-09-14T12:49:00.00Z,35.0328957,-79.2032311,714.379,-26.63,-50.88,-10.20,1.180,1.771,0.25,3,10
2015-09-14T12:49:00.20Z,35.0328469,-79.2033426,716.497,-26.98,-50.76,-10.27,1.177,1.772,0.29,3,10
2015-09-14T12:49:00.40Z,35.0327977,-79.2034528,718.602,-27.16,-50.43,-10.42,1.176,1.771,0.28,3,10
2015-09-14T12:49:00.60Z,35.0327479,-79.2035626,720.654,-27.45,-50.30,-10.37,1.175,1.770,0.29,3,10
2015-09-14T12:49:00.80Z,35.0326976,-79.2036723,722.713,-27.78,-50.11,-10.39,1.173,1.767,0.27,3,10
2015-09-14T12:49:01.00Z,35.0326469,-79.2037817,724.850,-28.01,-49.90,-10.45,1.168,1.761,0.24,3,10
2015-09-14T12:49:01.20Z,35.0325959,-79.2038902,726.946,-28.29,-49.67,-10.50,1.160,1.758,0.27,3,10
2015-09-14T12:49:01.40Z,35.0325445,-79.2039989,729.117,-28.64,-49.49,-10.49,1.150,1.753,0.25,3,10
2015-09-14T12:49:01.60Z,35.0324921,-79.2041066,731.226,-29.04,-49.29,-10.49,1.141,1.751,0.28,3,10
2015-09-14T12:49:01.80Z,35.0324391,-79.2042137,733.386,-29.28,-49.03,-10.50,1.136,1.751,0.27,3,10
2015-09-14T12:49:02.00Z,35.0323857,-79.2043204,735.554,-29.53,-48.87,-10.55,1.131,1.751,0.27,3,10
2015-09-14T12:49:02.20Z,35.0323318,-79.2044272,737.673,-29.90,-48.69,-10.55,1.127,1.753,0.27,3,10
2015-09-14T12:49:02.40Z,35.0322773,-79.2045333,739.755,-30.17,-48.40,-10.55,1.126,1.754,0.26,3,10
2015-09-14T12:49:02.60Z,35.0322222,-79.2046392,741.885,-30.47,-48.26,-10.59,1.127,1.756,0.26,3,10
2015-09-14T12:49:02.80Z,35.0321664,-79.2047447,743.995,-30.78,-47.99,-10.55,1.127,1.759,0.27,3,10
2015-09-14T12:49:03.00Z,35.0321096,-79.2048496,746.087,-31.04,-47.88,-10.50,1.126,1.758,0.26,3,10
2015-09-14T12:49:03.20Z,35.0320529,-79.2049539,748.161,-31.34,-47.61,-10.44,1.126,1.761,0.30,3,10
2015-09-14T12:49:03.40Z,35.0319956,-79.2050580,750.170,-31.61,-47.43,-10.40,1.125,1.762,0.31,3,10
2015-09-14T12:49:03.60Z,35.0319380,-79.2051619,752.123,-31.88,-47.25,-10.35,1.125,1.764,0.31,3,10
2015-09-14T12:49:03.80Z,35.0318801,-79.2052654,754.149,-32.21,-46.99,-10.36,1.123,1.766,0.30,3,10
2015-09-14T12:49:04.00Z,35.0318217,-79.2053686,756.198,-32.41,-46.82,-10.33,1.122,1.768,0.30,3,10
2015-09-14T12:49:04.20Z,35.0317629,-79.2054715,758.249,-32.68,-46.62,-10.24,1.121,1.771,0.31,3,10
2015-09-14T12:49:04.40Z,35.0317035,-79.2055735,760.275,-32.95,-46.44,-10.27,1.123,1.775,0.32,3,10
2015-09-14T12:49:04.60Z,35.0316437,-79.2056749,762.271,-33.21,-46.24,-10.18,1.126,1.779,0.32,3,10
2015-09-14T12:49:04.80Z,35.0315832,-79.2057760,764.313,-33.52,-46.06,-10.20,1.129,1.783,0.33,3,10
2015-09-14T12:49:05.00Z,35.0315224,-79.2058768,766.293,-33.75,-45.87,-10.20,1.133,1.785,0.32,3,10
2015-09-14T12:49:05.20Z,35.0314612,-79.2059770,768.203,-33.99,-45.59,-10.20,1.135,1.787,0.31,3,10
2015-09-14T12:49:05.40Z,35.0313995,-79.2060770,770.083,-34.22,-45.40,-10.20,1.137,1.788,0.31,3,10
2015-09-14T12:49:05.60Z,35.0313376,-79.2061767,771.988,-34.41,-45.26,-10.18,1.137,1.790,0.30,3,10
2015-09-14T12:49:05.80Z,35.0312755,-79.2062758,773.881,-34.61,-45.02,-10.15,1.137,1.794,0.31,3,10
2015-09-14T12:49:06.00Z,35.0312129,-79.2063742,775.760,-34.84,-44.83,-10.11,1.137,1.797,0.31,3,10
2015-09-14T12:49:06.20Z,35.0311497,-79.2064719,777.677,-35.02,-44.61,-10.13,1.137,1.799,0.31,3,10
2015-09-14T12:49:06.40Z,35.0310859,-79.2065692,779.612,-35.26,-44.43,-10.14,1.138,1.802,0.32,3,10
2015-09-14T12:49:06.60Z,35.0310219,-79.2066664,781.517,-35.37,-44.29,-10.12,1.138,1.802,0.30,3,10
2015-09-14T12:49:06.80Z,35.0309576,-79.2067631,783.443,-35.56,-44.10,-10.13,1.139,1.804,0.31,3,10
2015-09-14T12:49:07.00Z,35.0308929,-79.2068594,785.374,-35.75,-43.92,-10.14,1.140,1.803,0.30,3,10
2015-09-14T12:49:07.20Z,35.0308279,-79.2069555,787.245,-35.83,-43.74,-10.08,1.138,1.796,0.29,3,10
2015-09-14T12:49:07.40Z,35.0307618,-79.2070501,789.365,-36.01,-43.61,-10.16,1.134,1.784,0.29,3,10
2015-09-14T12:49:07.60Z,35.0306956,-79.2071444,791.521,-36.13,-43.43,-10.16,1.129,1.772,0.28,3,10
2015-09-14T12:49:07.80Z,35.0306297,-79.2072392,793.544,-36.26,-43.31,-10.18,1.127,1.763,0.29,3,10
2015-09-14T12:49:08.00Z,35.0305637,-79.2073342,795.558,-36.37,-43.22,-10.15,1.125,1.754,0.29,3,10
2015-09-14T12:49:08.20Z,35.0304977,-79.2074283,797.676,-36.56,-42.97,-10.18,1.126,1.751,0.30,3,10
2015-09-14T12:49:08.40Z,35.0304315,-79.2075222,799.774,-36.68,-42.85,-10.22,1.128,1.752,0.31,3,10
2015-09-14T12:49:08.60Z,35.0303652,-79.2076159,801.843,-36.78,-42.76,-10.19,1.131,1.754,0.33,3,10
2015-09-14T12:49:08.80Z,35.0302987,-79.2077091,803.923,-36.86,-42.48,-10.17,1.133,1.754,0.32,3,10
2015-09-14T12:49:09.00Z,35.0302319,-79.2078021,805.981,-37.09,-42.41,-10.21,1.134,1.753,0.33,3,10
2015-09-14T12:49:09.20Z,35.0301650,-79.2078946,808.106,-37.19,-42.20,-10.17,1.134,1.749,0.32,3,10
2015-09-14T12:49:09.40Z,35.0300977,-79.2079866,810.205,-37.29,-42.06,-10.19,1.134,1.745,0.28,3,10
2015-09-14T12:49:09.60Z,35.0300301,-79.2080783,812.302,-37.43,-41.86,-10.21,1.133,1.740,0.25,3,10
2015-09-14T12:49:09.80Z,35.0299622,-79.2081697,814.432,-37.52,-41.71,-10.20,1.131,1.735,0.25,3,10
2015-09-14T12:49:10.00Z,35.0298941,-79.2082607,816.578,-37.64,-41.56,-10.20,1.128,1.731,0.25,3,10
2015-09-14T12:49:10.20Z,35.0298260,-79.2083514,818.700,-37.78,-41.41,-10.24,1.125,1.727,0.25,3,10
2015-09-14T12:49:10.40Z,35.0297575,-79.2084415,820.825,-37.83,-41.22,-10.30,1.120,1.716,0.25,3,10
2015-09-14T12:49:10.60Z,35.0296886,-79.2085310,823.011,-38.02,-41.01,-10.37,1.115,1.705,0.25,3,10
2015-09-14T12:49:10.80Z,35.0296197,-79.2086206,825.275,-38.10,-40.83,-10.48,1.111,1.693,0.25,3,10
2015-09-14T12:49:11.00Z,35.0295508,-79.2087097,827.440,-38.19,-40.62,-10.58,1.109,1.683,0.25,3,10
2015-09-14T12:49:11.20Z,35.0294813,-79.2087981,829.708,-38.26,-40.43,-10.69,1.106,1.670,0.23,3,10
2015-09-14T12:49:11.40Z,35.0294119,-79.2088861,831.943,-38.36,-40.24,-10.79,1.105,1.665,0.23,3,10
2015-09-14T12:49:11.60Z,35.0293419,-79.2089734,834.309,-38.48,-39.96,-10.91,1.102,1.657,0.23,3,10
2015-09-14T12:49:11.80Z,35.0292722,-79.2090602,836.578,-38.54,-39.73,-11.02,1.102,1.656,0.25,3,10
2015-09-14T12:49:12.00Z,35.0292025,-79.2091466,838.838,-38.60,-39.54,-11.10,1.103,1.656,0.27,3,10
2015-09-14T12:49:12.20Z,35.0291325,-79.2092326,841.122,-38.81,-39.33,-11.20,1.104,1.657,0.28,3,10
2015-09-14T12:49:12.40Z,35.0290625,-79.2093177,843.359,-38.83,-39.09,-11.23,1.105,1.660,0.34,3,10
2015-09-14T12:49:12.60Z,35.0289923,-79.2094021,845.691,-38.96,-38.74,-11.36,1.107,1.664,0.34,3,10
2015-09-14T12:49:12.80Z,35.0289224,-79.2094864,848.059,-38.86,-38.50,-11.40,1.108,1.669,0.35,3,10
2015-09-14T12:49:13.00Z,35.0288522,-79.2095703,850.451,-39.00,-38.26,-11.47,1.109,1.673,0.35,3,10
2015-09-14T12:49:13.20Z,35.0287817,-79.2096536,852.859,-39.06,-38.02,-11.56,1.110,1.678,0.35,3,10
2015-09-14T12:49:13.40Z,35.0287113,-79.2097366,855.273,-39.10,-37.90,-11.64,1.111,1.683,0.34,3,10
2015-09-14T12:49:13.60Z,35.0286406,-79.2098193,857.729,-39.16,-37.63,-11.75,1.111,1.688,0.34,3,10
2015-09-14T12:49:13.80Z,35.0285701,-79.2099015,860.136,-39.18,-37.52,-11.77,1.115,1.695,0.40,3,10
2015-09-14T12:49:14.00Z,35.0284994,-79.2099833,862.548,-39.23,-37.34,-11.76,1.120,1.703,0.41,3,10
2015-09-14T12:49:14.20Z,35.0284289,-79.2100649,864.937,-39.20,-37.19,-11.77,1.124,1.712,0.41,3,10
2015-09-14T12:49:14.40Z,35.0283584,-79.2101465,867.359,-39.24,-37.09,-11.81,1.128,1.720,0.41,3,10
2015-09-14T12:49:14.60Z,35.0282878,-79.2102273,869.735,-39.24,-36.90,-11.75,1.133,1.730,0.37,3,10
2015-09-14T12:49:14.80Z,35.0282173,-79.2103076,872.045,-39.18,-36.78,-11.71,1.136,1.738,0.36,3,10
2015-09-14T12:49:15.00Z,35.0281469,-79.2103874,874.381,-39.13,-36.64,-11.74,1.142,1.746,0.37,3,10
2015-09-14T12:49:15.20Z,35.0280761,-79.2104672,876.748,-39.23,-36.52,-11.72,1.146,1.752,0.37,3,10
2015-09-14T12:49:15.40Z,35.0280055,-79.2105464,879.019,-39.32,-36.37,-11.65,1.150,1.761,0.37,3,10
2015-09-14T12:49:15.60Z,35.0279348,-79.2106255,881.356,-39.25,-36.24,-11.68,1.154,1.769,0.37,3,10
2015-09-14T12:49:15.80Z,35.0278639,-79.2107044,883.653,-39.31,-36.11,-11.60,1.158,1.779,0.37,3,10
2015-09-14T12:49:16.00Z,35.0277928,-79.2107828,885.975,-39.40,-35.94,-11.63,1.160,1.785,0.35,3,10
2015-09-14T12:49:16.20Z,35.0277218,-79.2108609,888.269,-39.38,-35.77,-11.60,1.163,1.793,0.36,3,10
2015-09-14T12:49:16.40Z,35.0276505,-79.2109387,890.538,-39.54,-35.63,-11.56,1.168,1.804,0.38,3,10
2015-09-14T12:49:16.60Z,35.0275792,-79.2110162,892.807,-39.52,-35.50,-11.51,1.178,1.818,0.49,3,10
2015-09-14T12:49:16.80Z,35.0275077,-79.2110936,895.119,-39.64,-35.33,-11.51,1.189,1.836,0.53,3,10
2015-09-14T12:49:17.00Z,35.0274361,-79.2111698,897.374,-39.74,-34.96,-11.41,1.198,1.851,0.49,3,10
2015-09-14T12:49:17.20Z,35.0273642,-79.2112459,899.705,-39.81,-34.80,-11.34,1.204,1.865,0.44,3,10
2015-09-14T12:49:17.40Z,35.0272920,-79.2113219,901.953,-39.95,-34.60,-11.27,1.207,1.876,0.41,3,10
2015-09-14T12:49:17.60Z,35.0272195,-79.2113979,904.236,-40.02,-34.54,-11.12,1.199,1.873,0.36,3,9
2015-09-14T12:49:17.80Z,35.0271473,-79.2114729,906.482,-40.00,-34.21,-11.15,1.192,1.865,0.30,3,9
2015-09-14T12:49:18.00Z,35.0270742,-79.2115469,908.901,-40.11,-34.09,-11.10,1.180,1.851,0.28,3,9
2015-09-14T12:49:18.20Z,35.0270012,-79.2116214,911.115,-40.19,-33.95,-11.09,1.165,1.826,0.23,3,10
2015-09-14T12:49:18.40Z,35.0269282,-79.2116952,913.250,-40.25,-33.74,-10.96,1.156,1.813,0.23,3,10
2015-09-14T12:49:18.60Z,35.0268552,-79.2117691,915.466,-40.37,-33.70,-10.94,1.157,1.816,0.28,3,10
2015-09-14T12:49:18.80Z,35.0267818,-79.2118426,917.742,-40.49,-33.67,-10.99,1.156,1.819,0.29,3,10
2015-09-14T12:49:19.00Z,35.0267087,-79.2119152,919.886,-40.48,-33.27,-10.94,1.158,1.826,0.35,3,10
2015-09-14T12:49:19.20Z,35.0266354,-79.2119874,921.995,-40.59,-33.25,-10.91,1.162,1.835,0.39,3,10
2015-09-14T12:49:19.40Z,35.0265620,-79.2120595,924.070,-40.70,-33.16,-10.91,1.169,1.845,0.42,3,10
2015-09-14T12:49:19.60Z,35.0264882,-79.2121313,926.316,-40.79,-32.69,-10.81,1.176,1.859,0.43,3,10
2015-09-14T12:49:19.80Z,35.0264153,-79.2122021,928.442,-40.56,-32.41,-10.82,1.201,1.878,0.78,3,9
2015-09-14T12:49:20.00Z,35.0263414,-79.2122736,930.572,-40.86,-32.58,-10.77,1.223,1.901,0.69,3,9
2015-09-14T12:49:20.20Z,35.0262675,-79.2123449,932.722,-40.94,-32.52,-10.81,1.241,1.927,0.64,3,9
2015-09-14T12:49:20.40Z,35.0261934,-79.2124159,934.879,-41.06,-32.38,-10.87,1.259,1.955,0.63,3,9
2015-09-14T12:49:20.60Z,35.0261195,-79.2124864,936.980,-41.05,-32.26,-10.79,1.277,1.987,0.62,3,9
2015-09-14T12:49:20.80Z,35.0260453,-79.2125563,939.108,-41.16,-32.03,-10.71,1.293,2.020,0.64,3,9
2015-09-14T12:49:21.00Z,35.0259712,-79.2126261,941.147,-41.26,-31.99,-10.47,1.310,2.050,0.64,3,9
2015-09-14T12:49:21.20Z,35.0258969,-79.2126955,943.237,-41.32,-31.80,-10.32,1.328,2.087,0.65,3,9
2015-09-14T12:49:21.40Z,35.0258225,-79.2127647,945.309,-41.29,-31.62,-10.34,1.337,2.124,0.49,3,10
2015-09-14T12:49:21.60Z,35.0257480,-79.2128335,947.297,-41.33,-31.46,-10.28,1.352,2.161,0.59,3,10
2015-09-14T12:49:21.80Z,35.0256729,-79.2129025,949.355,-41.55,-31.46,-10.28,1.367,2.198,0.61,3,10
2015-09-14T12:49:22.00Z,35.0255982,-79.2129710,951.347,-41.53,-31.35,-10.19,1.376,2.215,0.44,3,10
2015-09-14T12:49:22.20Z,35.0255234,-79.2130395,953.328,-41.55,-31.26,-10.16,1.386,2.234,0.44,3,10
2015-09-14T12:49:22.40Z,35.0254483,-79.2131075,955.271,-41.66,-31.11,-10.09,1.396,2.252,0.44,3,10
2015-09-14T12:49:22.60Z,35.0253733,-79.2131755,957.168,-41.63,-31.10,-9.98,1.405,2.269,0.43,3,10
2015-09-14T12:49:22.80Z,35.0252979,-79.2132433,959.145,-41.78,-30.93,-9.92,1.415,2.288,0.43,3,10
2015-09-14T12:49:23.00Z,35.0252224,-79.2133109,961.021,-41.84,-30.92,-9.80,1.425,2.307,0.43,3,10
2015-09-14T12:49:23.20Z,35.0251466,-79.2133785,962.995,-41.98,-30.83,-9.78,1.435,2.328,0.43,3,10
2015-09-14T12:49:23.40Z,35.0250709,-79.2134456,964.930,-41.96,-30.64,-9.73,1.445,2.347,0.44,3,10
2015-09-14T12:49:23.60Z,35.0249950,-79.2135127,966.859,-42.03,-30.61,-9.70,1.454,2.365,0.44,3,10
2015-09-14T12:49:23.80Z,35.0249191,-79.2135795,968.727,-42.10,-30.52,-9.64,1.464,2.382,0.44,3,10
2015-09-14T12:49:24.00Z,35.0248431,-79.2136464,970.603,-42.14,-30.53,-9.64,1.473,2.400,0.44,3,10
2015-09-14T12:49:24.20Z,35.0247670,-79.2137128,972.388,-42.17,-30.35,-9.49,1.483,2.416,0.45,3,10
2015-09-14T12:49:24.40Z,35.0246908,-79.2137789,974.179,-42.27,-30.25,-9.45,1.491,2.432,0.44,3,10
2015-09-14T12:49:24.60Z,35.0246144,-79.2138448,976.063,-42.30,-30.11,-9.39,1.499,2.448,0.43,3,10
2015-09-14T12:49:24.80Z,35.0245381,-79.2139107,977.898,-42.29,-30.09,-9.36,1.510,2.468,0.56,3,10
2015-09-14T12:49:25.00Z,35.0244613,-79.2139766,979.768,-42.51,-30.03,-9.31,1.521,2.488,0.57,3,10
2015-09-14T12:49:25.20Z,35.0243849,-79.2140418,981.520,-42.50,-29.90,-9.24,1.539,2.509,0.71,3,10
2015-09-14T12:49:25.40Z,35.0243079,-79.2141076,983.441,-42.57,-29.95,-9.29,1.550,2.530,0.58,3,10
2015-09-14T12:49:25.60Z,35.0242311,-79.2141727,985.272,-42.61,-29.75,-9.24,1.563,2.553,0.59,3,10
2015-09-14T12:49:25.80Z,35.0241541,-79.2142380,987.145,-42.65,-29.75,-9.28,1.583,2.578,0.64,3,10
2015-09-14T12:49:26.00Z,35.0240775,-79.2143032,988.970,-42.54,-29.75,-9.26,1.604,2.605,0.64,3,10
2015-09-14T12:49:26.20Z,35.0240005,-79.2143683,990.811,-42.64,-29.73,-9.26,1.626,2.632,0.65,3,10
2015-09-14T12:49:26.40Z,35.0239234,-79.2144333,992.656,-42.72,-29.69,-9.23,1.649,2.661,0.65,3,10
2015-09-14T12:49:26.60Z,35.0238462,-79.2144977,994.522,-42.74,-29.50,-9.21,1.670,2.688,0.64,3,10
2015-09-14T12:49:26.80Z,35.0237689,-79.2145624,996.352,-42.81,-29.54,-9.18,1.689,2.716,0.64,3,10
2015-09-14T12:49:27.00Z,35.0236916,-79.2146270,998.197,-42.84,-29.50,-9.19,1.708,2.745,0.64,3,10
2015-09-14T12:49:27.20Z,35.0236141,-79.2146915,1000.076,-42.91,-29.35,-9.27,1.727,2.774,0.64,3,10
2015-09-14T12:49:27.40Z,35.0235366,-79.2147556,1001.841,-42.99,-29.25,-9.24,1.741,2.791,0.47,3,10
2015-09-14T12:49:27.60Z,35.0234590,-79.2148195,1003.666,-43.09,-29.10,-9.28,1.756,2.812,0.47,3,10
2015-09-14T12:49:27.80Z,35.0233812,-79.2148829,1005.432,-43.17,-28.95,-9.26,1.769,2.830,0.47,3,10
2015-09-14T12:49:28.00Z,35.0233029,-79.2149460,1007.232,-43.34,-28.89,-9.20,1.780,2.848,0.47,3,10
2015-09-14T12:49:28.20Z,35.0232242,-79.2150082,1009.109,-43.53,-28.51,-9.21,1.793,2.882,0.51,3,10
2015-09-14T12:49:28.40Z,35.0231446,-79.2150702,1011.119,-43.81,-28.33,-9.25,1.805,2.917,0.52,3,10
2015-09-14T12:49:28.60Z,35.0230639,-79.2151300,1013.121,-44.31,-27.50,-9.16,1.824,2.957,0.56,3,10
2015-09-14T12:49:28.80Z,35.0229844,-79.2151905,1014.894,-44.19,-27.58,-9.15,1.847,2.999,0.57,3,10
2015-09-14T12:49:29.00Z,35.0229043,-79.2152498,1016.751,-44.37,-27.32,-9.29,1.866,3.043,0.56,3,10
2015-09-14T12:49:29.20Z,35.0228241,-79.2153083,1018.671,-44.44,-26.86,-9.38,1.881,3.087,0.57,3,10
2015-09-14T12:49:29.40Z,35.0227430,-79.2153661,1020.617,-44.77,-26.46,-9.43,1.906,3.131,0.84,3,10
2015-09-14T12:49:29.60Z,35.0226618,-79.2154226,1022.513,-44.97,-25.92,-9.46,1.933,3.174,0.89,3,10
2015-09-14T12:49:29.80Z,35.0225801,-79.2154781,1024.428,-45.23,-25.41,-9.49,1.961,3.218,0.91,3,10
2015-09-14T12:49:30.00Z,35.0224980,-79.2155325,1026.342,-45.48,-24.89,-9.53,1.975,3.246,0.84,3,10
2015-09-14T12:49:30.20Z,35.0224159,-79.2155853,1028.256,-45.61,-24.24,-9.53,1.994,3.277,0.85,3,10
2015-09-14T12:49:30.40Z,35.0223329,-79.2156368,1030.191,-45.97,-23.60,-9.67,2.012,3.308,0.85,3,10
2015-09-14T12:49:30.60Z,35.0222485,-79.2156890,1032.306,-46.40,-23.67,-9.70,2.037,3.341,0.88,3,10
2015-09-14T12:49:30.80Z,35.0221640,-79.2157390,1034.350,-46.75,-22.98,-9.76,2.060,3.372,0.86,3,10
2015-09-14T12:49:31.00Z,35.0220792,-79.2157878,1036.358,-47.03,-22.42,-9.79,2.081,3.400,0.84,3,10
2015-09-14T12:49:31.20Z,35.0219948,-79.2158341,1038.355,-47.06,-21.53,-9.85,2.101,3.419,0.83,3,10
2015-09-14T12:49:31.40Z,35.0219098,-79.2158798,1040.387,-47.20,-21.00,-9.97,2.112,3.433,0.55,3,10
2015-09-14T12:49:31.60Z,35.0218245,-79.2159245,1042.307,-47.39,-20.55,-9.97,2.127,3.455,0.55,3,10
2015-09-14T12:49:31.80Z,35.0217391,-79.2159678,1044.135,-47.50,-20.00,-9.90,2.144,3.480,0.55,3,10
2015-09-14T12:49:32.00Z,35.0216532,-79.2160099,1046.006,-47.73,-19.40,-9.82,2.160,3.505,0.55,3,10
2015-09-14T12:49:32.20Z,35.0215667,-79.2160508,1047.916,-47.98,-18.82,-9.79,2.176,3.528,0.55,3,10
2015-09-14T12:49:32.40Z,35.0214799,-79.2160902,1049.793,-48.14,-18.21,-9.75,2.194,3.558,0.55,3,10
2015-09-14T12:49:32.60Z,35.0213930,-79.2161280,1051.604,-48.34,-17.55,-9.73,2.212,3.585,0.55,3,10
2015-09-14T12:49:32.80Z,35.0213056,-79.2161650,1053.463,-48.52,-17.05,-9.63,2.228,3.607,0.54,3,10
2015-09-14T12:49:33.00Z,35.0212177,-79.2162012,1055.423,-48.70,-16.53,-9.62,2.245,3.630,0.55,3,10
2015-09-14T12:49:33.20Z,35.0211291,-79.2162362,1057.447,-48.91,-15.96,-9.62,2.263,3.654,0.54,3,10
2015-09-14T12:49:33.40Z,35.0210408,-79.2162699,1059.389,-48.96,-15.45,-9.59,2.284,3.684,0.55,3,10
2015-09-14T12:49:33.60Z,35.0209522,-79.2163018,1061.263,-49.16,-14.78,-9.57,2.304,3.714,0.55,3,10
2015-09-14T12:49:33.80Z,35.0208633,-79.2163330,1063.087,-49.34,-14.40,-9.51,2.326,3.745,0.56,3,10
2015-09-14T12:49:34.00Z,35.0207737,-79.2163628,1064.978,-49.64,-13.77,-9.49,2.352,3.780,0.78,3,10
2015-09-14T12:49:34.20Z,35.0206845,-79.2163911,1066.861,-49.59,-13.20,-9.50,2.376,3.814,0.78,3,10
2015-09-14T12:49:34.40Z,35.0205948,-79.2164182,1068.723,-49.82,-12.59,-9.46,2.399,3.851,0.77,3,10
2015-09-14T12:49:34.60Z,35.0205051,-79.2164440,1070.660,-49.82,-11.99,-9.49,2.423,3.888,0.76,3,10
2015-09-14T12:49:34.80Z,35.0204143,-79.2164693,1072.524,-50.25,-11.62,-9.38,2.446,3.923,0.75,3,10
2015-09-14T12:49:35.00Z,35.0203239,-79.2164933,1074.397,-50.25,-11.16,-9.42,2.468,3.958,0.76,3,10
2015-09-14T12:49:35.20Z,35.0202324,-79.2165161,1076.277,-50.69,-10.60,-9.39,2.493,3.995,0.85,3,10
2015-09-14T12:49:35.40Z,35.0201415,-79.2165375,1078.067,-50.67,-10.11,-9.34,2.520,4.034,0.94,3,10
2015-09-14T12:49:35.60Z,35.0200504,-79.2165572,1079.856,-50.77,-9.44,-9.31,2.542,4.069,0.90,3,10
2015-09-14T12:49:35.80Z,35.0199596,-79.2165755,1081.688,-50.71,-8.76,-9.28,2.558,4.099,0.86,3,10
2015-09-14T12:49:36.00Z,35.0198687,-79.2165924,1083.614,-50.68,-8.05,-9.33,2.573,4.122,0.83,3,10
2015-09-14T12:49:36.20Z,35.0197775,-79.2166082,1085.376,-50.83,-7.48,-9.26,2.584,4.136,0.75,3,10
2015-09-14T12:49:36.40Z,35.0196861,-79.2166227,1087.160,-50.97,-6.90,-9.22,2.591,4.145,0.71,3,10
2015-09-14T12:49:36.60Z,35.0195947,-79.2166356,1089.154,-50.84,-6.14,-9.21,2.558,4.092,0.45,3,10
2015-09-14T12:49:36.80Z,35.0195031,-79.2166474,1090.962,-50.86,-5.45,-9.09,2.547,4.063,0.44,3,10
2015-09-14T12:49:37.00Z,35.0194109,-79.2166589,1092.875,-51.03,-5.21,-9.13,2.553,4.062,0.67,3,10
2015-09-14T12:49:37.20Z,35.0193185,-79.2166688,1094.798,-51.18,-4.58,-9.09,2.568,4.072,0.73,3,10
2015-09-14T12:49:37.40Z,35.0192259,-79.2166780,1096.752,-51.29,-4.21,-9.09,2.578,4.083,0.72,3,10
2015-09-14T12:49:37.60Z,35.0191331,-79.2166861,1098.566,-51.48,-3.75,-9.02,2.589,4.094,0.71,3,10
2015-09-14T12:49:37.80Z,35.0190400,-79.2166933,1100.457,-51.61,-3.30,-9.00,2.604,4.105,0.71,3,10
2015-09-14T12:49:38.00Z,35.0189470,-79.2166993,1102.237,-51.68,-2.85,-8.94,2.627,4.127,0.83,3,10
2015-09-14T12:49:38.20Z,35.0188540,-79.2167038,1103.959,-51.72,-2.30,-8.88,2.655,4.158,0.90,3,10
2015-09-14T12:49:38.40Z,35.0187611,-79.2167068,1105.696,-51.71,-1.70,-8.80,2.674,4.190,0.84,3,10
2015-09-14T12:49:38.60Z,35.0186685,-79.2167091,1107.424,-51.62,-1.27,-8.74,2.690,4.222,0.76,3,10
2015-09-14T12:49:38.80Z,35.0185759,-79.2167099,1109.176,-51.53,-0.58,-8.66,2.697,4.251,0.53,3,10
2015-09-14T12:49:39.00Z,35.0184828,-79.2167093,1110.916,-51.58,0.02,-8.65,2.707,4.277,0.53,3,10
2015-09-14T12:49:39.20Z,35.0183898,-79.2167077,1112.518,-51.65,0.56,-8.52,2.718,4.300,0.53,3,10
2015-09-14T12:49:39.40Z,35.0182970,-79.2167055,1114.144,-51.59,0.84,-8.47,2.729,4.319,0.55,3,10
2015-09-14T12:49:39.60Z,35.0182044,-79.2167026,1115.825,-51.48,1.18,-8.44,2.743,4.332,0.59,3,10
2015-09-14T12:49:39.80Z,35.0181106,-79.2166975,1117.535,-51.77,1.93,-8.40,2.744,4.340,0.47,3,10
2015-09-14T12:49:40.00Z,35.0180178,-79.2166919,1119.078,-51.65,2.42,-8.31,2.747,4.346,0.46,3,10
2015-09-14T12:49:40.20Z,35.0179248,-79.2166851,1120.586,-51.68,2.99,-8.22,2.750,4.350,0.47,3,10
2015-09-14T12:49:40.40Z,35.0178316,-79.2166776,1122.012,-51.89,3.34,-8.08,2.751,4.350,0.47,3,10
2015-09-14T12:49:40.60Z,35.0177386,-79.2166690,1123.515,-51.76,3.85,-7.95,2.749,4.312,0.47,3,10
2015-09-14T12:49:40.80Z,35.0176451,-79.2166591,1125.111,-51.84,4.37,-7.97,2.746,4.280,0.51,3,10
2015-09-14T12:49:41.00Z,35.0175522,-79.2166482,1126.555,-51.67,4.77,-7.89,2.741,4.251,0.50,3,10
2015-09-14T12:49:41.20Z,35.0174584,-79.2166363,1128.144,-51.89,5.32,-7.89,2.735,4.224,0.51,3,10
2015-09-14T12:49:41.40Z,35.0173648,-79.2166235,1129.740,-51.83,5.82,-7.85,2.729,4.211,0.68,3,10
2015-09-14T12:49:41.60Z,35.0172719,-79.2166094,1131.178,-51.67,6.23,-7.74,2.721,4.203,0.66,3,10
2015-09-14T12:49:41.80Z,35.0171784,-79.2165947,1132.747,-51.73,6.74,-7.72,2.711,4.184,0.47,3,10
2015-09-14T12:49:42.00Z,35.0170844,-79.2165788,1134.238,-52.04,7.13,-7.65,2.709,4.188,0.50,3,10
2015-09-14T12:49:42.20Z,35.0169908,-79.2165622,1135.857,-51.85,7.61,-7.59,2.712,4.202,0.52,3,10
2015-09-14T12:49:42.40Z,35.0168974,-79.2165440,1137.236,-51.83,8.10,-7.46,2.715,4.219,0.52,3,10
2015-09-14T12:49:42.60Z,35.0168037,-79.2165252,1138.722,-51.90,8.54,-7.43,2.720,4.238,0.52,3,10
2015-09-14T12:49:42.80Z,35.0167104,-79.2165048,1140.131,-51.80,9.09,-7.36,2.720,4.250,0.50,3,10
2015-09-14T12:49:43.00Z,35.0166171,-79.2164836,1141.501,-51.82,9.49,-7.30,2.720,4.260,0.48,3,10
2015-09-14T12:49:43.20Z,35.0165238,-79.2164607,1142.870,-51.76,10.08,-7.27,2.707,4.245,0.37,3,10
2015-09-14T12:49:43.40Z,35.0164311,-79.2164367,1144.144,-51.59,10.54,-7.22,2.700,4.237,0.37,3,10
2015-09-14T12:49:43.60Z,35.0163382,-79.2164128,1145.678,-51.60,10.86,-7.31,2.694,4.232,0.38,3,10
2015-09-14T12:49:43.80Z,35.0162454,-79.2163880,1147.138,-51.53,11.12,-7.35,2.697,4.241,0.47,3,10
2015-09-14T12:49:44.00Z,35.0161526,-79.2163623,1148.638,-51.47,11.55,-7.40,2.704,4.255,0.50,3,10
2015-09-14T12:49:44.20Z,35.0160600,-79.2163357,1150.111,-51.42,11.93,-7.43,2.713,4.267,0.52,3,10
2015-09-14T12:49:44.40Z,35.0159672,-79.2163079,1151.531,-51.44,12.43,-7.42,2.723,4.279,0.53,3,10
2015-09-14T12:49:44.60Z,35.0158748,-79.2162799,1152.929,-51.36,12.62,-7.40,2.726,4.265,0.51,3,10
2015-09-14T12:49:44.80Z,35.0157821,-79.2162507,1154.358,-51.42,13.10,-7.38,2.731,4.258,0.50,3,10
2015-09-14T12:49:45.00Z,35.0156891,-79.2162216,1155.820,-51.56,13.21,-7.39,2.735,4.255,0.56,3,10
2015-09-14T12:49:45.20Z,35.0155964,-79.2161911,1157.288,-51.40,13.68,-7.35,2.736,4.249,0.53,3,10
2015-09-14T12:49:45.40Z,35.0155036,-79.2161604,1158.682,-51.46,13.83,-7.31,2.734,4.235,0.47,3,10
2015-09-14T12:49:45.60Z,35.0154107,-79.2161287,1160.279,-51.38,14.32,-7.35,2.721,4.200,0.35,3,10
2015-09-14T12:49:45.80Z,35.0153181,-79.2160967,1161.803,-51.33,14.56,-7.41,2.713,4.186,0.37,3,10
2015-09-14T12:49:46.00Z,35.0152255,-79.2160645,1163.291,-51.35,14.70,-7.39,2.707,4.176,0.41,3,10
2015-09-14T12:49:46.20Z,35.0151328,-79.2160310,1164.795,-51.42,15.15,-7.40,2.702,4.165,0.41,3,10
2015-09-14T12:49:46.40Z,35.0150404,-79.2159974,1166.288,-51.30,15.29,-7.40,2.698,4.156,0.42,3,10
2015-09-14T12:49:46.60Z,35.0149480,-79.2159634,1167.765,-51.33,15.47,-7.43,2.694,4.145,0.42,3,10
2015-09-14T12:49:46.80Z,35.0148556,-79.2159287,1169.219,-51.28,15.78,-7.43,2.690,4.135,0.42,3,10
2015-09-14T12:49:47.00Z,35.0147635,-79.2158934,1170.610,-51.16,15.97,-7.40,2.686,4.123,0.42,3,10
2015-09-14T12:49:47.20Z,35.0146711,-79.2158577,1172.046,-51.20,16.17,-7.39,2.682,4.108,0.42,3,10
2015-09-14T12:49:47.40Z,35.0145789,-79.2158217,1173.460,-51.16,16.35,-7.33,2.678,4.094,0.42,3,10
2015-09-14T12:49:47.60Z,35.0144865,-79.2157848,1174.952,-51.18,16.70,-7.32,2.675,4.081,0.42,3,10
2015-09-14T12:49:47.80Z,35.0143945,-79.2157473,1176.324,-51.06,17.00,-7.26,2.673,4.068,0.43,3,10
2015-09-14T12:49:48.00Z,35.0143024,-79.2157090,1177.779,-51.08,17.34,-7.27,2.672,4.054,0.43,3,10
2015-09-14T12:49:48.20Z,35.0142102,-79.2156703,1179.209,-51.11,17.60,-7.22,2.671,4.045,0.43,3,10
2015-09-14T12:49:48.40Z,35.0141182,-79.2156313,1180.617,-50.98,17.82,-7.20,2.672,4.037,0.43,3,10
2015-09-14T12:49:48.60Z,35.0140264,-79.2155909,1182.053,-50.94,18.29,-7.20,2.668,4.027,0.38,3,10
2015-09-14T12:49:48.80Z,35.0139345,-79.2155500,1183.500,-50.97,18.54,-7.19,2.667,4.020,0.40,3,10
2015-09-14T12:49:49.00Z,35.0138428,-79.2155087,1184.939,-50.83,18.89,-7.23,2.664,4.011,0.41,3,10
2015-09-14T12:49:49.20Z,35.0137511,-79.2154665,1186.475,-50.77,19.20,-7.25,2.652,3.985,0.38,3,10
2015-09-14T12:49:49.40Z,35.0136596,-79.2154235,1187.915,-50.67,19.63,-7.27,2.644,3.967,0.44,3,10
2015-09-14T12:49:49.60Z,35.0135683,-79.2153802,1189.394,-50.56,19.77,-7.24,2.638,3.952,0.45,3,10
2015-09-14T12:49:49.80Z,35.0134769,-79.2153363,1190.839,-50.53,20.12,-7.21,2.633,3.939,0.45,3,10
2015-09-14T12:49:50.00Z,35.0133858,-79.2152909,1192.336,-50.49,20.60,-7.21,2.630,3.935,0.47,3,10
2015-09-14T12:49:50.20Z,35.0132951,-79.2152456,1193.823,-50.24,20.76,-7.25,2.628,3.932,0.47,3,10
2015-09-14T12:49:50.40Z,35.0132044,-79.2151991,1195.301,-50.28,21.14,-7.22,2.630,3.930,0.55,3,10
2015-09-14T12:49:50.60Z,35.0131137,-79.2151520,1196.758,-50.26,21.48,-7.22,2.634,3.930,0.57,3,10
2015-09-14T12:49:50.80Z,35.0130232,-79.2151040,1198.296,-50.11,21.80,-7.30,2.641,3.931,0.59,3,10
2015-09-14T12:49:51.00Z,35.0129331,-79.2150558,1199.771,-49.96,22.02,-7.31,2.649,3.931,0.58,3,10
2015-09-14T12:49:51.20Z,35.0128431,-79.2150067,1201.235,-49.85,22.36,-7.31,2.657,3.931,0.58,3,10
2015-09-14T12:49:51.40Z,35.0127531,-79.2149565,1202.749,-49.83,22.76,-7.38,2.665,3.931,0.59,3,10
2015-09-14T12:49:51.60Z,35.0126636,-79.2149056,1204.200,-49.69,23.11,-7.39,2.673,3.929,0.60,3,10
2015-09-14T12:49:51.80Z,35.0125738,-79.2148539,1205.772,-49.65,23.49,-7.49,2.681,3.928,0.60,3,10
2015-09-14T12:49:52.00Z,35.0124844,-79.2148017,1207.303,-49.54,23.78,-7.51,2.691,3.932,0.60,3,10
2015-09-14T12:49:52.20Z,35.0123953,-79.2147480,1208.865,-49.41,24.25,-7.58,2.705,3.941,0.61,3,10
2015-09-14T12:49:52.40Z,35.0123063,-79.2146938,1210.404,-49.41,24.56,-7.58,2.708,3.946,0.51,3,10
2015-09-14T12:49:52.60Z,35.0122176,-79.2146394,1211.862,-49.27,24.89,-7.47,2.714,3.951,0.51,3,10
2015-09-14T12:49:52.80Z,35.0121287,-79.2145843,1213.421,-49.24,25.14,-7.49,2.721,3.957,0.51,3,10
2015-09-14T12:49:53.00Z,35.0120403,-79.2145284,1214.856,-49.11,25.47,-7.42,2.729,3.959,0.51,3,10
2015-09-14T12:49:53.20Z,35.0119524,-79.2144714,1216.281,-49.02,25.80,-7.35,2.736,3.962,0.51,3,10
2015-09-14T12:49:53.40Z,35.0118642,-79.2144141,1217.837,-48.92,26.11,-7.34,2.743,3.966,0.50,3,10
2015-09-14T12:49:53.60Z,35.0117765,-79.2143560,1219.225,-48.86,26.36,-7.24,2.745,3.966,0.46,3,10
2015-09-14T12:49:53.80Z,35.0116891,-79.2142970,1220.655,-48.61,26.86,-7.17,2.747,3.968,0.47,3,10
2015-09-14T12:49:54.00Z,35.0116014,-79.2142377,1222.052,-48.73,27.00,-7.08,2.755,3.976,0.52,3,10
2015-09-14T12:49:54.20Z,35.0115135,-79.2141782,1223.557,-48.61,27.23,-7.03,2.765,3.987,0.53,3,10
2015-09-14T12:49:54.40Z,35.0114264,-79.2141178,1224.903,-48.43,27.49,-6.94,2.778,4.002,0.54,3,10
2015-09-14T12:49:54.60Z,35.0113392,-79.2140560,1226.168,-48.55,27.92,-6.84,2.795,4.017,0.61,3,10
2015-09-14T12:49:54.80Z,35.0112518,-79.2139938,1227.465,-48.65,28.22,-6.77,2.814,4.034,0.61,3,10
2015-09-14T12:49:55.00Z,35.0111643,-79.2139314,1228.780,-48.62,28.36,-6.73,2.834,4.053,0.61,3,10
2015-09-14T12:49:55.20Z,35.0110772,-79.2138680,1230.090,-48.55,28.71,-6.66,2.855,4.073,0.61,3,10
2015-09-14T12:49:55.40Z,35.0109908,-79.2138030,1231.350,-48.34,29.22,-6.61,2.880,4.096,0.74,3,10
2015-09-14T12:49:55.60Z,35.0109050,-79.2137366,1232.680,-48.06,29.82,-6.56,2.904,4.120,0.77,3,10
2015-09-14T12:49:55.80Z,35.0108188,-79.2136689,1233.971,-48.05,30.50,-6.50,2.918,4.140,0.76,3,10
2015-09-14T12:49:56.00Z,35.0107340,-79.2136013,1235.220,-47.57,30.64,-6.46,2.916,4.143,0.73,3,10
2015-09-14T12:49:56.20Z,35.0106490,-79.2135326,1236.404,-47.41,31.10,-6.36,2.912,4.132,0.68,3,10
2015-09-14T12:49:56.40Z,35.0105647,-79.2134632,1237.410,-47.12,31.40,-6.26,2.901,4.097,0.79,3,10
2015-09-14T12:49:56.60Z,35.0104802,-79.2133930,1238.608,-46.97,31.84,-6.26,2.898,4.080,0.82,3,10
2015-09-14T12:49:56.80Z,35.0103956,-79.2133222,1239.851,-46.85,32.26,-6.27,2.895,4.064,0.82,3,10
2015-09-14T12:49:57.00Z,35.0103110,-79.2132509,1241.113,-46.71,32.59,-6.29,2.893,4.047,0.80,3,10
2015-09-14T12:49:57.20Z,35.0102268,-79.2131782,1242.551,-46.57,33.06,-6.44,2.892,4.035,0.77,3,10
2015-09-14T12:49:57.40Z,35.0101429,-79.2131046,1244.011,-46.41,33.51,-6.56,2.887,4.021,0.62,3,10
2015-09-14T12:49:57.60Z,35.0100597,-79.2130308,1245.476,-46.16,33.77,-6.72,2.883,4.027,0.46,3,10
2015-09-14T12:49:57.80Z,35.0099770,-79.2129558,1246.917,-45.89,34.18,-6.83,2.882,4.037,0.46,3,10
2015-09-14T12:49:58.00Z,35.0098948,-79.2128805,1248.376,-45.58,34.37,-6.93,2.882,4.048,0.46,3,10
2015-09-14T12:49:58.20Z,35.0098132,-79.2128043,1250.003,-45.27,34.71,-7.18,2.883,4.045,0.51,3,10
2015-09-14T12:49:58.40Z,35.0097317,-79.2127269,1251.673,-45.11,35.15,-7.44,2.885,4.046,0.47,3,10
2015-09-14T12:49:58.60Z,35.0096521,-79.2126484,1253.245,-44.53,35.62,-7.71,2.884,4.043,0.43,3,10
2015-09-14T12:49:58.80Z,35.0095727,-79.2125693,1254.963,-44.39,35.89,-8.04,2.857,4.001,0.43,3,10
2015-09-14T12:49:59.00Z,35.0094940,-79.2124892,1256.854,-43.99,36.28,-8.09,2.817,3.945,0.41,3,10
2015-09-14T12:49:59.20Z,35.0094151,-79.2124098,1258.925,-43.70,36.55,-8.20,2.756,3.871,0.40,3,10
2015-09-14T12:49:59.40Z,35.0093386,-79.2123286,1260.803,-43.38,36.76,-8.43,2.694,3.786,0.34,3,10
2015-09-14T12:49:59.60Z,35.0092601,-79.2122480,1262.874,-43.22,37.09,-8.58,2.625,3.681,0.34,3,10
2015-09-14T12:49:59.80Z,35.0091835,-79.2121652,1265.039,-42.96,37.34,-8.74,2.563,3.589,0.33,3,10
2015-09-14T12:50:00.00Z,35.0091091,-79.2120840,1266.633,-42.40,37.36,-8.79,2.506,3.509,0.34,3,10
2015-09-14T12:50:00.20Z,35.0090351,-79.2120029,1268.161,-42.21,37.41,-8.93,2.475,3.463,0.33,3,10
2015-09-14T12:50:00.40Z,35.0089604,-79.2119210,1269.981,-41.96,37.79,-9.01,2.453,3.447,0.25,3,10
2015-09-14T12:50:00.60Z,35.0088856,-79.2118383,1271.903,-41.56,37.96,-9.24,2.435,3.433,0.35,3,10
2015-09-14T12:50:00.80Z,35.0088112,-79.2117551,1273.814,-41.39,38.04,-9.37,2.388,3.347,0.34,3,10
2015-09-14T12:50:01.00Z,35.0087369,-79.2116713,1275.817,-40.94,38.18,-9.34,2.337,3.287,0.31,3,10
2015-09-14T12:50:01.20Z,35.0086643,-79.2115860,1277.883,-40.58,38.60,-9.35,2.294,3.240,0.28,3,10
2015-09-14T12:50:01.40Z,35.0085928,-79.2115014,1279.606,-40.21,38.64,-9.47,2.252,3.202,0.27,3,10
2015-09-14T12:50:01.60Z,35.0085204,-79.2114156,1281.694,-39.83,39.04,-9.57,2.222,3.171,0.30,3,10
2015-09-14T12:50:01.80Z,35.0084497,-79.2113291,1283.552,-39.55,39.14,-9.61,2.189,3.145,0.30,3,10
2015-09-14T12:50:02.00Z,35.0083789,-79.2112419,1285.402,-39.22,39.38,-9.63,2.159,3.124,0.32,3,10
2015-09-14T12:50:02.20Z,35.0083089,-79.2111539,1287.138,-38.92,39.79,-9.37,2.149,3.109,0.35,3,10
2015-09-14T12:50:02.40Z,35.0082393,-79.2110680,1289.096,-38.53,39.50,-9.62,2.135,3.099,0.46,3,10
2015-09-14T12:50:02.60Z,35.0081713,-79.2109811,1290.963,-37.82,39.38,-9.82,2.121,3.069,0.52,3,10
2015-09-14T12:50:02.80Z,35.0081030,-79.2108939,1292.880,-37.81,39.80,-9.69,2.112,3.052,0.49,3,10
2015-09-14T12:50:03.00Z,35.0080365,-79.2108073,1294.576,-37.57,39.94,-9.75,2.091,3.019,0.47,3,10
2015-09-14T12:50:03.20Z,35.0079697,-79.2107188,1296.344,-37.19,39.99,-9.71,2.069,2.964,0.45,3,10
2015-09-14T12:50:03.40Z,35.0079032,-79.2106309,1298.132,-36.92,40.16,-9.64,2.067,2.949,0.52,3,10
2015-09-14T12:50:03.60Z,35.0078363,-79.2105417,1300.190,-36.97,40.66,-9.77,2.069,2.939,0.47,3,10
2015-09-14T12:50:03.80Z,35.0077702,-79.2104520,1302.149,-36.57,40.83,-9.74,2.066,2.914,0.46,3,10
2015-09-14T12:50:04.00Z,35.0077043,-79.2103628,1304.365,-36.37,40.98,-9.89,2.054,2.857,0.37,3,10
2015-09-14T12:50:04.20Z,35.0076397,-79.2102719,1306.356,-35.70,40.91,-9.89,2.048,2.843,0.41,3,10
2015-09-14T12:50:04.40Z,35.0075758,-79.2101804,1308.271,-35.49,41.06,-9.95,2.036,2.834,0.30,3,10
2015-09-14T12:50:04.60Z,35.0075122,-79.2100893,1310.358,-35.23,41.19,-10.00,2.025,2.825,0.29,3,10
2015-09-14T12:50:04.80Z,35.0074498,-79.2099976,1312.314,-34.86,41.54,-10.02,2.015,2.813,0.30,3,10
2015-09-14T12:50:05.00Z,35.0073880,-79.2099050,1314.463,-34.38,41.72,-9.98,1.998,2.793,0.25,3,10
2015-09-14T12:50:05.20Z,35.0073270,-79.2098123,1316.512,-33.98,41.94,-9.99,1.979,2.772,0.24,3,10
2015-09-14T12:50:05.40Z,35.0072665,-79.2097200,1318.766,-33.56,41.86,-10.15,1.960,2.737,0.24,3,10
2015-09-14T12:50:05.60Z,35.0072056,-79.2096290,1321.355,-33.24,42.07,-10.19,1.938,2.677,0.25,3,10
2015-09-14T12:50:05.80Z,35.0071456,-79.2095363,1323.665,-32.95,42.29,-10.22,1.920,2.616,0.27,3,10
2015-09-14T12:50:06.00Z,35.0070858,-79.2094428,1326.018,-32.72,42.56,-10.23,1.903,2.562,0.30,3,10
2015-09-14T12:50:06.20Z,35.0070272,-79.2093498,1328.273,-32.40,42.97,-10.16,1.875,2.512,0.23,3,10
2015-09-14T12:50:06.40Z,35.0069692,-79.2092554,1330.490,-32.12,42.60,-10.35,1.855,2.499,0.31,3,10
2015-09-14T12:50:06.60Z,35.0069118,-79.2091582,1331.942,-31.43,42.82,-10.15,1.843,2.472,0.36,3,10
2015-09-14T12:50:06.80Z,35.0068551,-79.2090627,1333.815,-31.28,43.04,-10.12,1.835,2.449,0.37,3,10
2015-09-14T12:50:07.00Z,35.0067983,-79.2089664,1335.516,-31.16,43.20,-9.99,1.827,2.423,0.37,3,10
2015-09-14T12:50:07.20Z,35.0067431,-79.2088721,1337.471,-30.66,43.22,-10.01,1.825,2.421,0.32,3,10
2015-09-14T12:50:07.40Z,35.0066893,-79.2087757,1339.421,-30.03,43.90,-9.93,1.819,2.418,0.27,3,10
2015-09-14T12:50:07.60Z,35.0066349,-79.2086797,1341.349,-30.05,43.83,-9.80,1.817,2.416,0.31,3,10
2015-09-14T12:50:07.80Z,35.0065808,-79.2085834,1343.401,-29.83,43.87,-9.86,1.822,2.415,0.50,3,10
2015-09-14T12:50:08.00Z,35.0065278,-79.2084866,1345.395,-29.37,44.04,-9.86,1.822,2.411,0.39,3,10
2015-09-14T12:50:08.20Z,35.0064756,-79.2083894,1347.250,-29.11,44.13,-9.76,1.820,2.403,0.37,3,10
2015-09-14T12:50:08.40Z,35.0064237,-79.2082922,1349.171,-28.82,44.29,-9.74,1.823,2.404,0.39,3,10
2015-09-14T12:50:08.60Z,35.0063724,-79.2081942,1351.132,-28.49,44.58,-9.70,1.820,2.391,0.33,3,10
2015-09-14T12:50:08.80Z,35.0063218,-79.2080959,1353.165,-28.12,44.74,-9.71,1.822,2.387,0.40,3,10
2015-09-14T12:50:09.00Z,35.0062717,-79.2079975,1355.138,-27.78,44.84,-9.72,1.826,2.393,0.43,3,10
2015-09-14T12:50:09.20Z,35.0062219,-79.2078988,1357.039,-27.60,45.01,-9.62,1.831,2.400,0.45,3,10
2015-09-14T12:50:09.40Z,35.0061729,-79.2077994,1358.907,-27.21,45.26,-9.48,1.834,2.405,0.44,3,10
2015-09-14T12:50:09.60Z,35.0061240,-79.2076999,1360.896,-27.14,45.26,-9.46,1.836,2.406,0.36,3,10
2015-09-14T12:50:09.80Z,35.0060758,-79.2076003,1362.831,-26.68,45.42,-9.52,1.836,2.405,0.37,3,10
2015-09-14T12:50:10.00Z,35.0060280,-79.2074997,1364.708,-26.41,45.70,-9.42,1.834,2.407,0.37,3,10
2015-09-14T12:50:10.20Z,35.0059809,-79.2073992,1366.768,-26.21,45.64,-9.44,1.822,2.397,0.26,3,10
2015-09-14T12:50:10.40Z,35.0059351,-79.2072976,1368.630,-25.78,45.84,-9.36,1.800,2.377,0.26,3,10
2015-09-14T12:50:10.60Z,35.0058893,-79.2071967,1370.430,-25.47,45.97,-9.25,1.788,2.363,0.30,3,10
2015-09-14T12:50:10.80Z,35.0058431,-79.2070956,1372.170,-25.06,46.33,-9.24,1.778,2.358,0.31,3,10
2015-09-14T12:50:11.00Z,35.0057983,-79.2069936,1373.993,-24.80,46.44,-9.14,1.777,2.355,0.29,3,10
2015-09-14T12:50:11.20Z,35.0057531,-79.2068917,1375.840,-24.58,46.34,-9.22,1.769,2.355,0.27,3,10
2015-09-14T12:50:11.40Z,35.0057092,-79.2067890,1377.772,-24.13,46.73,-9.19,1.758,2.354,0.26,3,10
2015-09-14T12:50:11.60Z,35.0056662,-79.2066870,1379.664,-24.02,46.64,-9.12,1.735,2.355,0.23,3,10
2015-09-14T12:50:11.80Z,35.0056241,-79.2065843,1381.505,-23.61,46.93,-9.10,1.717,2.358,0.23,3,10
2015-09-14T12:50:12.00Z,35.0055818,-79.2064825,1383.304,-23.37,47.05,-9.04,1.698,2.357,0.23,3,10
2015-09-14T12:50:12.20Z,35.0055404,-79.2063786,1385.087,-23.07,47.21,-9.02,1.680,2.356,0.23,3,10
2015-09-14T12:50:12.40Z,35.0054990,-79.2062742,1386.953,-22.85,47.21,-9.06,1.670,2.360,0.26,3,10
2015-09-14T12:50:12.60Z,35.0054583,-79.2061686,1388.677,-22.45,47.59,-8.90,1.661,2.365,0.26,3,10
2015-09-14T12:50:12.80Z,35.0054186,-79.2060642,1390.482,-22.07,47.58,-8.86,1.658,2.365,0.28,3,10
2015-09-14T12:50:13.00Z,35.0053797,-79.2059590,1392.212,-21.73,47.90,-8.86,1.656,2.369,0.32,3,10
2015-09-14T12:50:13.20Z,35.0053416,-79.2058527,1393.824,-21.38,48.06,-8.81,1.655,2.365,0.34,3,10
2015-09-14T12:50:13.40Z,35.0053039,-79.2057482,1395.686,-21.28,47.82,-8.79,1.652,2.359,0.35,3,10
2015-09-14T12:50:13.60Z,35.0052668,-79.2056416,1397.550,-20.81,48.47,-8.79,1.647,2.354,0.26,3,10
2015-09-14T12:50:13.80Z,35.0052307,-79.2055351,1399.231,-20.33,48.50,-8.71,1.644,2.354,0.35,3,10
2015-09-14T12:50:14.00Z,35.0051952,-79.2054278,1400.845,-19.87,48.83,-8.63,1.645,2.357,0.31,3,10
2015-09-14T12:50:14.20Z,35.0051603,-79.2053207,1402.535,-19.50,48.79,-8.62,1.647,2.358,0.32,3,10
2015-09-14T12:50:14.40Z,35.0051265,-79.2052130,1404.258,-18.93,49.03,-8.57,1.646,2.349,0.31,3,10
2015-09-14T12:50:14.60Z,35.0050929,-79.2051051,1405.883,-18.65,49.23,-8.46,1.648,2.355,0.29,3,9
2015-09-14T12:50:14.80Z,35.0050600,-79.2049967,1407.497,-18.34,49.40,-8.38,1.649,2.359,0.28,3,10
2015-09-14T12:50:15.00Z,35.0050282,-79.2048885,1409.161,-17.76,49.58,-8.38,1.647,2.360,0.27,3,10
2015-09-14T12:50:15.20Z,35.0049968,-79.2047788,1410.883,-17.26,49.76,-8.30,1.632,2.357,0.27,3,10
2015-09-14T12:50:15.40Z,35.0049661,-79.2046695,1412.530,-16.91,49.76,-8.27,1.621,2.361,0.31,3,10
2015-09-14T12:50:15.60Z,35.0049362,-79.2045610,1414.137,-16.67,49.95,-8.21,1.610,2.365,0.31,3,10
2015-09-14T12:50:15.80Z,35.0049066,-79.2044525,1415.841,-16.64,49.95,-8.24,1.600,2.368,0.31,3,10
2015-09-14T12:50:16.00Z,35.0048787,-79.2043430,1417.355,-15.71,50.35,-8.07,1.584,2.353,0.30,3,10
2015-09-14T12:50:16.20Z,35.0048514,-79.2042330,1418.828,-15.20,50.61,-7.83,1.579,2.351,0.33,3,10
2015-09-14T12:50:16.40Z,35.0048249,-79.2041228,1420.475,-14.96,50.41,-7.95,1.583,2.359,0.42,3,10
2015-09-14T12:50:16.60Z,35.0047993,-79.2040130,1421.994,-14.35,50.29,-7.86,1.585,2.355,0.42,3,10
2015-09-14T12:50:16.80Z,35.0047743,-79.2039022,1423.501,-13.98,50.72,-7.79,1.589,2.347,0.51,3,10
2015-09-14T12:50:17.00Z,35.0047499,-79.2037903,1425.057,-13.59,51.09,-7.84,1.575,2.320,0.31,3,10
2015-09-14T12:50:17.20Z,35.0047267,-79.2036788,1426.584,-13.04,51.12,-7.82,1.572,2.318,0.30,3,10
2015-09-14T12:50:17.40Z,35.0047040,-79.2035666,1428.154,-12.67,51.27,-7.85,1.569,2.319,0.28,3,10
2015-09-14T12:50:17.60Z,35.0046827,-79.2034537,1429.722,-11.88,51.57,-7.75,1.557,2.304,0.25,3,10
2015-09-14T12:50:17.80Z,35.0046629,-79.2033401,1431.042,-11.16,51.60,-7.74,1.555,2.280,0.39,3,10
2015-09-14T12:50:18.00Z,35.0046433,-79.2032265,1432.355,-10.99,51.80,-7.67,1.550,2.260,0.37,3,10
2015-09-14T12:50:18.20Z,35.0046247,-79.2031125,1433.910,-10.53,51.77,-7.67,1.536,2.230,0.37,3,10
2015-09-14T12:50:18.40Z,35.0046070,-79.2029994,1435.175,-9.99,51.91,-7.52,1.517,2.185,0.34,3,10
2015-09-14T12:50:18.60Z,35.0045891,-79.2028850,1436.695,-9.74,52.09,-7.55,1.502,2.149,0.30,3,10
2015-09-14T12:50:18.80Z,35.0045728,-79.2027714,1438.154,-9.05,52.01,-7.53,1.498,2.138,0.32,3,10
2015-09-14T12:50:19.00Z,35.0045572,-79.2026568,1439.633,-8.67,52.30,-7.40,1.494,2.128,0.27,3,10
2015-09-14T12:50:19.20Z,35.0045429,-79.2025420,1441.256,-8.11,52.31,-7.56,1.485,2.105,0.32,3,10
2015-09-14T12:50:19.40Z,35.0045295,-79.2024267,1442.816,-7.52,52.51,-7.49,1.478,2.078,0.34,3,10
2015-09-14T12:50:19.60Z,35.0045169,-79.2023112,1444.340,-7.05,52.57,-7.47,1.480,2.059,0.33,3,10
2015-09-14T12:50:19.80Z,35.0045054,-79.2021950,1445.604,-6.50,52.74,-7.46,1.484,2.044,0.33,3,10
2015-09-14T12:50:20.00Z,35.0044950,-79.2020791,1447.054,-5.93,52.77,-7.43,1.485,2.026,0.34,3,10
2015-09-14T12:50:20.20Z,35.0044857,-79.2019629,1448.644,-5.41,52.90,-7.42,1.484,2.013,0.37,3,10
2015-09-14T12:50:20.40Z,35.0044777,-79.2018472,1450.132,-4.77,52.75,-7.36,1.479,1.999,0.34,3,10
2015-09-14T12:50:20.60Z,35.0044703,-79.2017314,1451.648,-4.29,52.87,-7.38,1.480,1.999,0.32,3,10
2015-09-14T12:50:20.80Z,35.0044637,-79.2016151,1453.183,-3.80,53.04,-7.33,1.480,1.999,0.27,3,10
2015-09-14T12:50:21.00Z,35.0044583,-79.2014990,1454.749,-3.25,53.05,-7.32,1.477,1.996,0.30,3,10
2015-09-14T12:50:21.20Z,35.0044538,-79.2013834,1456.250,-2.67,53.07,-7.30,1.473,1.994,0.29,3,10
2015-09-14T12:50:21.40Z,35.0044500,-79.2012668,1457.709,-2.25,53.05,-7.31,1.465,1.997,0.27,3,10
2015-09-14T12:50:21.60Z,35.0044473,-79.2011500,1459.162,-1.67,53.09,-7.29,1.459,2.005,0.34,3,10
2015-09-14T12:50:21.80Z,35.0044451,-79.2010330,1460.600,-1.29,53.10,-7.23,1.459,2.016,0.38,3,10
2015-09-14T12:50:22.00Z,35.0044435,-79.2009169,1462.077,-0.73,53.16,-7.28,1.459,2.028,0.33,3,10
2015-09-14T12:50:22.20Z,35.0044434,-79.2008009,1463.533,-0.11,53.06,-7.30,1.459,2.041,0.33,3,10
2015-09-14T12:50:22.40Z,35.0044443,-79.2006850,1464.999,0.38,53.07,-7.27,1.459,2.055,0.33,3,10
2015-09-14T12:50:22.60Z,35.0044460,-79.2005693,1466.323,0.91,53.10,-7.24,1.457,2.065,0.30,3,10
2015-09-14T12:50:22.80Z,35.0044482,-79.2004545,1467.722,1.40,52.99,-7.41,1.439,2.062,0.26,3,10
2015-09-14T12:50:23.00Z,35.0044515,-79.2003376,1469.224,1.88,53.22,-7.36,1.435,2.060,0.29,3,10
2015-09-14T12:50:23.20Z,35.0044564,-79.2002204,1470.838,2.56,53.50,-7.44,1.438,2.067,0.32,3,10
2015-09-14T12:50:23.40Z,35.0044618,-79.2001039,1472.370,2.94,52.94,-7.31,1.420,2.054,0.24,3,10
2015-09-14T12:50:23.60Z,35.0044679,-79.1999877,1473.854,3.64,52.83,-7.39,1.399,2.036,0.22,3,10
2015-09-14T12:50:23.80Z,35.0044746,-79.1998702,1475.436,4.15,52.86,-7.41,1.384,2.020,0.23,3,10
2015-09-14T12:50:24.00Z,35.0044822,-79.1997540,1476.988,4.58,52.78,-7.38,1.371,2.012,0.23,3,10
2015-09-14T12:50:24.20Z,35.0044914,-79.1996387,1478.420,5.23,52.38,-7.39,1.361,2.011,0.25,3,10
2015-09-14T12:50:24.40Z,35.0045031,-79.1995231,1479.843,5.94,52.56,-7.46,1.351,2.007,0.25,3,10
2015-09-14T12:50:24.60Z,35.0045157,-79.1994079,1481.303,6.46,52.51,-7.47,1.342,2.004,0.25,3,10
2015-09-14T12:50:24.80Z,35.0045299,-79.1992942,1482.834,6.96,52.41,-7.57,1.321,1.983,0.21,3,10
2015-09-14T12:50:25.00Z,35.0045445,-79.1991803,1484.288,7.62,52.23,-7.62,1.306,1.964,0.21,3,10
2015-09-14T12:50:25.20Z,35.0045597,-79.1990658,1485.741,8.09,52.11,-7.65,1.294,1.950,0.23,3,10
2015-09-14T12:50:25.40Z,35.0045759,-79.1989521,1487.352,8.94,51.93,-7.70,1.290,1.946,0.25,3,10
2015-09-14T12:50:25.60Z,35.0045933,-79.1988382,1489.017,9.50,51.95,-7.81,1.284,1.942,0.25,3,10
2015-09-14T12:50:25.80Z,35.0046119,-79.1987251,1490.586,10.22,51.58,-7.83,1.284,1.939,0.36,3,10
2015-09-14T12:50:26.00Z,35.0046309,-79.1986129,1492.149,10.60,51.27,-7.82,1.287,1.943,0.41,3,10
2015-09-14T12:50:26.20Z,35.0046514,-79.1985002,1493.648,11.41,51.23,-7.69,1.288,1.947,0.39,3,10
2015-09-14T12:50:26.40Z,35.0046733,-79.1983884,1495.260,11.95,51.04,-7.83,1.285,1.951,0.43,3,10
2015-09-14T12:50:26.60Z,35.0046964,-79.1982771,1496.769,12.55,50.85,-7.70,1.286,1.957,0.46,3,10
2015-09-14T12:50:26.80Z,35.0047204,-79.1981662,1498.372,13.14,50.71,-7.77,1.292,1.966,0.48,3,10
2015-09-14T12:50:27.00Z,35.0047456,-79.1980566,1499.952,13.68,50.30,-7.82,1.297,1.976,0.48,3,10
2015-09-14T12:50:27.20Z,35.0047715,-79.1979470,1501.514,14.24,50.08,-7.83,1.306,1.987,0.47,3,10
2015-09-14T12:50:27.40Z,35.0047983,-79.1978378,1503.103,14.83,49.86,-7.86,1.321,2.001,0.54,3,10
2015-09-14T12:50:27.60Z,35.0048265,-79.1977285,1504.686,15.49,49.80,-7.85,1.342,2.018,0.66,3,10
2015-09-14T12:50:27.80Z,35.0048557,-79.1976202,1506.264,16.03,49.43,-7.82,1.347,2.032,0.53,3,10
2015-09-14T12:50:28.00Z,35.0048854,-79.1975120,1507.807,16.71,49.14,-7.86,1.350,2.043,0.45,3,10
2015-09-14T12:50:28.20Z,35.0049164,-79.1974047,1509.358,17.32,48.93,-7.86,1.356,2.057,0.50,3,10
2015-09-14T12:50:28.40Z,35.0049484,-79.1972986,1510.956,17.79,48.52,-7.89,1.364,2.069,0.49,3,10
2015-09-14T12:50:28.60Z,35.0049816,-79.1971931,1512.563,18.36,48.22,-7.91,1.373,2.077,0.48,3,10
2015-09-14T12:50:28.80Z,35.0050160,-79.1970883,1514.211,18.99,47.93,-7.94,1.377,2.082,0.47,3,10
2015-09-14T12:50:29.00Z,35.0050517,-79.1969845,1515.821,19.64,47.61,-7.91,1.370,2.074,0.34,3,10
2015-09-14T12:50:29.20Z,35.0050884,-79.1968810,1517.350,20.20,47.26,-7.96,1.364,2.064,0.30,3,10
2015-09-14T12:50:29.40Z,35.0051258,-79.1967782,1518.921,20.77,46.94,-7.92,1.357,2.053,0.30,3,10
2015-09-14T12:50:29.60Z,35.0051638,-79.1966753,1520.438,21.34,46.74,-7.95,1.352,2.043,0.30,3,10
2015-09-14T12:50:29.80Z,35.0052033,-79.1965732,1521.918,21.89,46.33,-7.96,1.345,2.027,0.29,3,10
2015-09-14T12:50:30.00Z,35.0052436,-79.1964723,1523.484,22.35,46.09,-7.96,1.342,2.015,0.30,3,10
2015-09-14T12:50:30.20Z,35.0052851,-79.1963720,1524.964,22.87,45.74,-7.94,1.338,1.999,0.31,3,10
2015-09-14T12:50:30.40Z,35.0053277,-79.1962730,1526.584,23.55,45.37,-7.96,1.333,1.978,0.27,3,10
2015-09-14T12:50:30.60Z,35.0053712,-79.1961750,1528.094,24.14,44.91,-7.95,1.325,1.957,0.26,3,10
2015-09-14T12:50:30.80Z,35.0054154,-79.1960783,1529.794,24.80,44.42,-8.02,1.315,1.937,0.24,3,10
2015-09-14T12:50:31.00Z,35.0054609,-79.1959820,1531.434,25.35,44.03,-8.01,1.312,1.933,0.28,3,10
2015-09-14T12:50:31.20Z,35.0055077,-79.1958862,1533.064,25.88,43.57,-8.01,1.308,1.932,0.31,3,10
2015-09-14T12:50:31.40Z,35.0055557,-79.1957921,1534.651,26.57,43.08,-8.02,1.302,1.932,0.33,3,10
2015-09-14T12:50:31.60Z,35.0056051,-79.1956989,1536.274,27.21,42.62,-8.04,1.305,1.939,0.45,3,10
2015-09-14T12:50:31.80Z,35.0056557,-79.1956061,1537.916,27.77,42.40,-8.03,1.307,1.947,0.46,3,10
2015-09-14T12:50:32.00Z,35.0057069,-79.1955150,1539.539,28.37,41.69,-8.10,1.308,1.954,0.44,3,10
2015-09-14T12:50:32.20Z,35.0057590,-79.1954246,1541.227,28.89,41.28,-8.07,1.307,1.959,0.36,3,10
2015-09-14T12:50:32.40Z,35.0058123,-79.1953356,1542.871,29.58,40.72,-8.12,1.311,1.967,0.44,3,10
2015-09-14T12:50:32.60Z,35.0058662,-79.1952482,1544.547,29.87,39.97,-8.19,1.314,1.975,0.43,3,10
2015-09-14T12:50:32.80Z,35.0059212,-79.1951601,1546.275,30.48,39.81,-8.19,1.315,1.980,0.34,3,10
2015-09-14T12:50:33.00Z,35.0059770,-79.1950736,1547.973,30.96,39.20,-8.15,1.314,1.983,0.34,3,10
2015-09-14T12:50:33.20Z,35.0060337,-79.1949878,1549.712,31.50,38.68,-8.15,1.310,1.979,0.34,3,10
2015-09-14T12:50:33.40Z,35.0060914,-79.1949038,1551.381,32.02,38.16,-8.15,1.305,1.976,0.33,3,10
2015-09-14T12:50:33.60Z,35.0061502,-79.1948195,1553.203,32.64,37.68,-8.13,1.299,1.972,0.34,3,10
2015-09-14T12:50:33.80Z,35.0062097,-79.1947376,1554.901,32.96,37.02,-8.12,1.300,1.976,0.43,3,10
2015-09-14T12:50:34.00Z,35.0062702,-79.1946566,1556.463,33.53,36.63,-8.09,1.302,1.982,0.41,3,10
2015-09-14T12:50:34.20Z,35.0063317,-79.1945776,1558.055,33.95,36.11,-8.08,1.307,1.988,0.43,3,10
2015-09-14T12:50:34.40Z,35.0063938,-79.1945000,1559.671,34.35,35.51,-8.14,1.312,1.993,0.44,3,10
2015-09-14T12:50:34.60Z,35.0064571,-79.1944239,1561.315,34.89,34.87,-8.17,1.317,1.997,0.46,3,10
2015-09-14T12:50:34.80Z,35.0065209,-79.1943492,1562.911,35.24,34.26,-8.10,1.318,1.996,0.34,3,10
2015-09-14T12:50:35.00Z,35.0065857,-79.1942755,1564.668,35.77,33.72,-8.18,1.318,1.993,0.32,3,10
2015-09-14T12:50:35.20Z,35.0066509,-79.1942032,1566.350,36.14,33.07,-8.19,1.317,1.989,0.31,3,10
2015-09-14T12:50:35.40Z,35.0067169,-79.1941320,1567.964,36.62,32.45,-8.22,1.318,1.987,0.31,3,10
2015-09-14T12:50:35.60Z,35.0067834,-79.1940620,1569.683,36.89,32.03,-8.34,1.321,1.988,0.34,3,10
2015-09-14T12:50:35.80Z,35.0068508,-79.1939941,1571.331,37.30,31.40,-8.32,1.321,1.988,0.34,3,10
2015-09-14T12:50:36.00Z,35.0069192,-79.1939269,1572.977,37.75,30.78,-8.40,1.320,1.988,0.34,3,10
2015-09-14T12:50:36.20Z,35.0069884,-79.1938613,1574.615,38.12,30.17,-8.48,1.312,1.972,0.25,3,10
2015-09-14T12:50:36.40Z,35.0070578,-79.1937967,1576.307,38.37,29.70,-8.53,1.309,1.965,0.26,3,10
2015-09-14T12:50:36.60Z,35.0071276,-79.1937328,1577.995,38.67,29.16,-8.54,1.306,1.962,0.27,3,10
2015-09-14T12:50:36.80Z,35.0071980,-79.1936695,1579.753,38.97,28.78,-8.68,1.307,1.960,0.28,3,10
2015-09-14T12:50:37.00Z,35.0072689,-79.1936088,1581.504,39.16,28.09,-8.83,1.310,1.962,0.30,3,10
2015-09-14T12:50:37.20Z,35.0073405,-79.1935492,1583.335,39.52,27.54,-8.96,1.311,1.963,0.29,3,10
2015-09-14T12:50:37.40Z,35.0074126,-79.1934908,1585.180,39.66,26.98,-9.08,1.310,1.963,0.28,3,10
2015-09-14T12:50:37.60Z,35.0074854,-79.1934330,1587.112,39.87,26.55,-9.22,1.307,1.963,0.27,3,10
2015-09-14T12:50:37.80Z,35.0075575,-79.1933762,1588.994,40.02,26.05,-9.25,1.304,1.962,0.27,3,10
2015-09-14T12:50:38.00Z,35.0076299,-79.1933202,1590.893,40.20,25.59,-9.35,1.302,1.961,0.27,3,10
2015-09-14T12:50:38.20Z,35.0077028,-79.1932650,1592.771,40.43,25.22,-9.34,1.297,1.957,0.26,3,10
2015-09-14T12:50:38.40Z,35.0077755,-79.1932103,1594.680,40.49,24.84,-9.36,1.294,1.953,0.27,3,10
2015-09-14T12:50:38.60Z,35.0078482,-79.1931564,1596.429,40.72,24.41,-9.36,1.284,1.933,0.26,3,10
2015-09-14T12:50:38.80Z,35.0079219,-79.1931041,1598.352,40.89,23.91,-9.36,1.273,1.913,0.24,3,10
2015-09-14T12:50:39.00Z,35.0079958,-79.1930518,1600.221,41.01,23.53,-9.29,1.262,1.903,0.25,3,10
2015-09-14T12:50:39.20Z,35.0080707,-79.1930007,1602.245,41.22,23.03,-9.23,1.253,1.893,0.25,3,10
2015-09-14T12:50:39.40Z,35.0081454,-79.1929507,1604.193,41.26,22.75,-9.34,1.249,1.890,0.26,3,10
2015-09-14T12:50:39.60Z,35.0082201,-79.1929017,1606.070,41.39,22.30,-9.29,1.247,1.891,0.29,3,10
2015-09-14T12:50:39.80Z,35.0082951,-79.1928532,1607.935,41.53,21.99,-9.26,1.245,1.893,0.29,3,10
2015-09-14T12:50:40.00Z,35.0083700,-79.1928062,1609.764,41.62,21.55,-9.21,1.246,1.899,0.32,3,10
2015-09-14T12:50:40.20Z,35.0084455,-79.1927598,1611.666,41.77,21.25,-9.27,1.249,1.908,0.31,3,10
2015-09-14T12:50:40.40Z,35.0085212,-79.1927140,1613.538,41.87,20.88,-9.29,1.250,1.919,0.31,3,10
2015-09-14T12:50:40.60Z,35.0085969,-79.1926691,1615.347,42.00,20.49,-9.22,1.249,1.930,0.30,3,10
2015-09-14T12:50:40.80Z,35.0086727,-79.1926248,1617.207,42.07,20.15,-9.27,1.248,1.941,0.38,3,10
2015-09-14T12:50:41.00Z,35.0087485,-79.1925814,1619.113,42.17,19.77,-9.27,1.248,1.952,0.38,3,10
2015-09-14T12:50:41.20Z,35.0088248,-79.1925388,1621.022,42.25,19.43,-9.30,1.246,1.962,0.36,3,10
2015-09-14T12:50:41.40Z,35.0089011,-79.1924970,1622.921,42.37,19.06,-9.28,1.245,1.972,0.37,3,10
2015-09-14T12:50:41.60Z,35.0089775,-79.1924561,1624.852,42.38,18.64,-9.30,1.246,1.987,0.37,3,10
2015-09-14T12:50:41.80Z,35.0090541,-79.1924158,1626.677,42.50,18.25,-9.22,1.246,2.002,0.36,3,10
2015-09-14T12:50:42.00Z,35.0091309,-79.1923767,1628.527,42.59,18.01,-9.13,1.246,2.016,0.35,3,10
2015-09-14T12:50:42.20Z,35.0092079,-79.1923378,1630.303,42.65,17.67,-9.08,1.244,2.029,0.28,3,10
2015-09-14T12:50:42.40Z,35.0092851,-79.1922999,1632.080,42.77,17.29,-9.10,1.246,2.043,0.28,3,10
2015-09-14T12:50:42.60Z,35.0093630,-79.1922622,1633.821,42.82,17.00,-9.02,1.242,2.050,0.27,3,10
2015-09-14T12:50:42.80Z,35.0094407,-79.1922254,1635.545,42.83,16.66,-8.92,1.237,2.050,0.26,3,10
2015-09-14T12:50:43.00Z,35.0095191,-79.1921888,1637.289,42.86,16.38,-8.83,1.232,2.051,0.26,3,10
2015-09-14T12:50:43.20Z,35.0095970,-79.1921531,1639.008,42.93,16.01,-8.75,1.231,2.049,0.27,3,10
2015-09-14T12:50:43.40Z,35.0096747,-79.1921188,1640.692,42.98,15.54,-8.72,1.232,2.051,0.28,3,10
2015-09-14T12:50:43.60Z,35.0097524,-79.1920849,1642.467,43.02,15.25,-8.75,1.231,2.048,0.29,3,10
2015-09-14T12:50:43.80Z,35.0098299,-79.1920520,1644.339,43.00,14.73,-8.71,1.230,2.046,0.30,3,10
2015-09-14T12:50:44.00Z,35.0099075,-79.1920200,1646.039,43.04,14.44,-8.60,1.229,2.039,0.31,3,10
2015-09-14T12:50:44.20Z,35.0099848,-79.1919893,1647.745,42.96,14.03,-8.50,1.228,2.032,0.30,3,10
2015-09-14T12:50:44.40Z,35.0100624,-79.1919591,1649.418,42.94,13.72,-8.50,1.224,2.024,0.26,3,10
2015-09-14T12:50:44.60Z,35.0101398,-79.1919301,1650.942,42.91,13.15,-8.37,1.224,2.021,0.27,3,10
2015-09-14T12:50:44.80Z,35.0102176,-79.1919015,1652.688,43.21,13.11,-8.49,1.220,2.022,0.25,3,10
2015-09-14T12:50:45.00Z,35.0102952,-79.1918733,1654.381,43.01,12.86,-8.46,1.218,2.028,0.30,3,10
2015-09-14T12:50:45.20Z,35.0103731,-79.1918458,1656.082,43.13,12.58,-8.42,1.217,2.035,0.30,3,10
2015-09-14T12:50:45.40Z,35.0104509,-79.1918189,1657.743,43.14,12.29,-8.36,1.214,2.040,0.31,3,10
2015-09-14T12:50:45.60Z,35.0105288,-79.1917928,1659.410,43.17,12.01,-8.37,1.211,2.035,0.31,3,10
2015-09-14T12:50:45.80Z,35.0106067,-79.1917673,1661.051,43.22,11.67,-8.39,1.209,2.027,0.31,3,10
2015-09-14T12:50:46.00Z,35.0106845,-79.1917428,1662.676,43.14,11.26,-8.33,1.213,2.028,0.35,3,10
2015-09-14T12:50:46.20Z,35.0107626,-79.1917194,1664.295,43.28,10.76,-8.40,1.215,2.026,0.30,3,10
2015-09-14T12:50:46.40Z,35.0108408,-79.1916967,1665.834,43.40,10.46,-8.25,1.215,2.027,0.27,3,10
2015-09-14T12:50:46.60Z,35.0109194,-79.1916747,1667.518,43.53,10.20,-8.24,1.216,2.029,0.29,3,10
2015-09-14T12:50:46.80Z,35.0109978,-79.1916526,1669.144,43.46,10.04,-8.10,1.220,2.035,0.33,3,10
2015-09-14T12:50:47.00Z,35.0110757,-79.1916314,1670.770,43.23,9.74,-8.04,1.224,2.040,0.33,3,10
2015-09-14T12:50:47.20Z,35.0111539,-79.1916108,1672.392,43.35,9.48,-8.04,1.229,2.042,0.33,3,10
2015-09-14T12:50:47.40Z,35.0112318,-79.1915908,1674.038,43.23,9.30,-8.08,1.232,2.044,0.32,3,10
2015-09-14T12:50:47.60Z,35.0113087,-79.1915710,1675.729,42.81,9.09,-8.27,1.236,2.046,0.33,3,10
2015-09-14T12:50:47.80Z,35.0113859,-79.1915522,1677.349,42.77,8.61,-8.14,1.240,2.049,0.33,3,10
2015-09-14T12:50:48.00Z,35.0114637,-79.1915334,1679.027,43.14,8.60,-8.21,1.244,2.055,0.37,3,10
2015-09-14T12:50:48.20Z,35.0115411,-79.1915153,1680.652,43.02,8.35,-8.13,1.247,2.057,0.31,3,10
2015-09-14T12:50:48.40Z,35.0116185,-79.1914979,1682.214,42.89,8.12,-8.05,1.249,2.060,0.32,3,10
2015-09-14T12:50:48.60Z,35.0116956,-79.1914812,1683.848,42.82,7.81,-8.12,1.250,2.061,0.33,3,10
2015-09-14T12:50:48.80Z,35.0117727,-79.1914643,1685.423,42.79,7.64,-7.98,1.253,2.066,0.32,3,10
2015-09-14T12:50:49.00Z,35.0118493,-79.1914484,1687.027,42.59,7.37,-7.95,1.270,2.072,0.44,3,9
2015-09-14T12:50:49.20Z,35.0119260,-79.1914323,1688.636,42.58,7.38,-7.95,1.294,2.075,0.43,3,9
2015-09-14T12:50:49.40Z,35.0120030,-79.1914171,1690.217,42.63,7.00,-7.91,1.295,2.079,0.33,3,10
2015-09-14T12:50:49.60Z,35.0120794,-79.1914017,1691.781,42.48,6.94,-7.85,1.303,2.078,0.33,3,10
2015-09-14T12:50:49.80Z,35.0121554,-79.1913866,1693.262,42.23,6.81,-7.72,1.310,2.076,0.34,3,10
2015-09-14T12:50:50.00Z,35.0122318,-79.1913725,1694.764,42.37,6.52,-7.64,1.313,2.074,0.28,3,10
2015-09-14T12:50:50.20Z,35.0123080,-79.1913589,1696.234,42.15,6.31,-7.62,1.313,2.072,0.28,3,10
2015-09-14T12:50:50.40Z,35.0123834,-79.1913453,1697.732,42.09,6.31,-7.52,1.311,2.071,0.26,3,10
2015-09-14T12:50:50.60Z,35.0124598,-79.1913316,1699.062,42.00,6.10,-7.42,1.308,2.063,0.26,3,10
2015-09-14T12:50:50.80Z,35.0125353,-79.1913190,1700.472,41.89,5.91,-7.37,1.304,2.050,0.25,3,10
2015-09-14T12:50:51.00Z,35.0126104,-79.1913065,1701.706,41.69,5.82,-7.20,1.300,2.037,0.25,3,10
2015-09-14T12:50:51.20Z,35.0126855,-79.1912943,1703.005,41.52,5.65,-7.11,1.297,2.033,0.26,3,10
2015-09-14T12:50:51.40Z,35.0127602,-79.1912823,1704.353,41.40,5.44,-7.04,1.295,2.028,0.27,3,10
2015-09-14T12:50:51.60Z,35.0128344,-79.1912709,1705.660,41.27,5.32,-6.92,1.297,2.028,0.28,3,10
2015-09-14T12:50:51.80Z,35.0129085,-79.1912597,1706.975,41.12,5.15,-6.84,1.300,2.031,0.32,3,10
2015-09-14T12:50:52.00Z,35.0129828,-79.1912488,1708.268,41.13,5.01,-6.70,1.306,2.037,0.42,3,10
2015-09-14T12:50:52.20Z,35.0130567,-79.1912378,1709.566,40.99,5.03,-6.58,1.311,2.045,0.43,3,10
2015-09-14T12:50:52.40Z,35.0131305,-79.1912270,1710.840,40.92,4.88,-6.45,1.314,2.053,0.37,3,10
2015-09-14T12:50:52.60Z,35.0132040,-79.1912167,1712.129,40.85,4.75,-6.41,1.316,2.062,0.40,3,10
2015-09-14T12:50:52.80Z,35.0132775,-79.1912065,1713.397,40.80,4.65,-6.36,1.316,2.071,0.38,3,10
2015-09-14T12:50:53.00Z,35.0133507,-79.1911965,1714.596,40.65,4.52,-6.23,1.325,2.082,0.54,3,10
2015-09-14T12:50:53.20Z,35.0134248,-79.1911860,1715.779,41.03,4.70,-6.09,1.347,2.097,0.57,3,10
2015-09-14T12:50:53.40Z,35.0134981,-79.1911762,1716.911,40.76,4.51,-5.93,1.379,2.112,0.65,3,10
2015-09-14T12:50:53.60Z,35.0135712,-79.1911669,1718.115,40.60,4.31,-5.91,1.410,2.128,0.64,3,10
2015-09-14T12:50:53.80Z,35.0136433,-79.1911582,1719.222,40.17,3.99,-5.72,1.407,2.143,0.41,3,10
2015-09-14T12:50:54.00Z,35.0137154,-79.1911492,1720.494,40.04,4.10,-5.88,1.415,2.159,0.40,3,10
2015-09-14T12:50:54.20Z,35.0137876,-79.1911407,1721.517,40.03,3.90,-5.58,1.421,2.174,0.40,3,10
2015-09-14T12:50:54.40Z,35.0138597,-79.1911320,1722.657,40.03,3.96,-5.57,1.431,2.190,0.40,3,10
2015-09-14T12:50:54.60Z,35.0139314,-79.1911237,1723.747,39.87,3.84,-5.50,1.440,2.205,0.42,3,10
2015-09-14T12:50:54.80Z,35.0140033,-79.1911156,1724.850,39.93,3.77,-5.48,1.448,2.220,0.41,3,10
2015-09-14T12:50:55.00Z,35.0140748,-79.1911076,1725.874,39.77,3.59,-5.33,1.448,2.217,0.33,3,10
2015-09-14T12:50:55.20Z,35.0141464,-79.1910994,1726.864,39.74,3.71,-5.19,1.456,2.234,0.49,3,10
2015-09-14T12:50:55.40Z,35.0142170,-79.1910922,1727.796,39.27,3.32,-5.02,1.471,2.252,0.61,3,10
2015-09-14T12:50:55.60Z,35.0142889,-79.1910850,1728.803,39.80,3.29,-4.94,1.489,2.275,0.61,3,10
2015-09-14T12:50:55.80Z,35.0143600,-79.1910779,1729.659,39.56,3.13,-4.73,1.498,2.295,0.47,3,10
2015-09-14T12:50:56.00Z,35.0144311,-79.1910712,1730.611,39.48,3.00,-4.63,1.501,2.313,0.37,3,10
2015-09-14T12:50:56.20Z,35.0145022,-79.1910650,1731.589,39.50,2.81,-4.59,1.493,2.320,0.29,3,10
2015-09-14T12:50:56.40Z,35.0145735,-79.1910593,1732.353,39.47,2.70,-4.59,1.491,2.326,0.40,3,10
2015-09-14T12:50:56.60Z,35.0146446,-79.1910530,1733.242,39.54,2.62,-4.49,1.482,2.311,0.37,3,10
2015-09-14T12:50:56.80Z,35.0147157,-79.1910472,1734.038,39.41,2.59,-4.43,1.475,2.302,0.38,3,10
2015-09-14T12:50:57.00Z,35.0147867,-79.1910422,1735.016,39.36,2.45,-4.40,1.466,2.289,0.40,3,10
2015-09-14T12:50:57.20Z,35.0148581,-79.1910370,1735.892,39.37,2.62,-4.24,1.462,2.283,0.37,3,10
2015-09-14T12:50:57.40Z,35.0149291,-79.1910319,1736.611,39.29,2.32,-4.15,1.462,2.286,0.37,3,10
2015-09-14T12:50:57.60Z,35.0150003,-79.1910268,1737.247,39.30,2.43,-4.10,1.459,2.276,0.35,3,10
2015-09-14T12:50:57.80Z,35.0150714,-79.1910214,1738.016,39.29,2.33,-4.06,1.454,2.264,0.32,3,10
2015-09-14T12:50:58.00Z,35.0151419,-79.1910155,1738.672,39.13,2.62,-3.95,1.452,2.262,0.31,3,10
2015-09-14T12:50:58.20Z,35.0152124,-79.1910105,1739.497,39.05,2.36,-3.97,1.454,2.269,0.32,3,10
2015-09-14T12:50:58.40Z,35.0152833,-79.1910055,1740.277,39.29,2.39,-3.99,1.454,2.274,0.29,3,10
2015-09-14T12:50:58.60Z,35.0153536,-79.1910009,1741.049,39.00,2.24,-3.90,1.451,2.277,0.28,3,10
2015-09-14T12:50:58.80Z,35.0154241,-79.1909956,1741.765,39.07,2.39,-3.81,1.450,2.276,0.29,3,10
2015-09-14T12:50:59.00Z,35.0154942,-79.1909908,1742.510,39.01,2.20,-3.78,1.450,2.269,0.30,3,10
2015-09-14T12:50:59.20Z,35.0155646,-79.1909863,1743.120,39.04,2.23,-3.65,1.446,2.262,0.28,3,10
2015-09-14T12:50:59.40Z,35.0156354,-79.1909821,1743.747,39.07,2.11,-3.49,1.442,2.253,0.27,3,10
2015-09-14T12:50:59.60Z,35.0157060,-79.1909777,1744.418,39.13,2.11,-3.43,1.441,2.248,0.29,3,10
2015-09-14T12:50:59.80Z,35.0157766,-79.1909733,1745.092,39.19,2.00,-3.36,1.442,2.248,0.33,3,10
2015-09-14T12:51:00.00Z,35.0158469,-79.1909690,1745.618,39.08,2.05,-3.21,1.439,2.243,0.27,3,10
2015-09-14T12:51:00.20Z,35.0159171,-79.1909648,1746.191,39.12,1.96,-3.12,1.436,2.233,0.27,3,10
2015-09-14T12:51:00.40Z,35.0159870,-79.1909601,1746.921,39.22,2.13,-3.04,1.431,2.221,0.31,3,10
2015-09-14T12:51:00.60Z,35.0160573,-79.1909563,1747.602,39.24,1.82,-3.00,1.429,2.212,0.31,3,10
2015-09-14T12:51:00.80Z,35.0161277,-79.1909519,1748.164,39.23,1.93,-2.86,1.431,2.207,0.34,3,10
2015-09-14T12:51:01.00Z,35.0161983,-79.1909478,1748.696,39.21,1.86,-2.79,1.435,2.208,0.42,3,10
2015-09-14T12:51:01.20Z,35.0162692,-79.1909439,1749.201,39.24,1.79,-2.73,1.436,2.204,0.36,3,11
2015-09-14T12:51:01.40Z,35.0163398,-79.1909406,1749.729,39.22,1.59,-2.71,1.438,2.202,0.32,3,11
2015-09-14T12:51:01.60Z,35.0164105,-79.1909365,1750.226,39.27,1.83,-2.63,1.442,2.201,0.38,3,11
2015-09-14T12:51:01.80Z,35.0164811,-79.1909324,1750.774,39.26,1.87,-2.58,1.444,2.198,0.32,3,11
2015-09-14T12:51:02.00Z,35.0165519,-79.1909283,1751.152,39.41,1.89,-2.46,1.440,2.187,0.29,3,11
2015-09-14T12:51:02.20Z,35.0166225,-79.1909250,1751.608,39.36,1.73,-2.52,1.434,2.172,0.25,3,11
2015-09-14T12:51:02.40Z,35.0166925,-79.1909217,1751.944,39.32,1.87,-2.39,1.428,2.158,0.24,3,11
2015-09-14T12:51:02.60Z,35.0167633,-79.1909185,1752.401,39.47,1.72,-2.42,1.426,2.154,0.27,3,11
2015-09-14T12:51:02.80Z,35.0168347,-79.1909160,1752.850,39.46,1.69,-2.24,1.419,2.145,0.27,3,11
2015-09-14T12:51:03.00Z,35.0169066,-79.1909134,1753.488,39.59,1.86,-2.23,1.411,2.133,0.30,3,11
2015-09-14T12:51:03.20Z,35.0169780,-79.1909103,1753.989,39.43,1.79,-2.17,1.407,2.128,0.30,3,11
2015-09-14T12:51:03.40Z,35.0170491,-79.1909074,1754.465,39.58,1.59,-2.14,1.406,2.128,0.31,3,11
2015-09-14T12:51:03.60Z,35.0171205,-79.1909035,1754.849,39.61,1.86,-1.98,1.405,2.128,0.31,3,11
2015-09-14T12:51:03.80Z,35.0171921,-79.1909011,1755.358,39.85,1.82,-1.89,1.392,2.121,0.29,3,11
2015-09-14T12:51:04.00Z,35.0172634,-79.1908981,1755.747,39.76,1.68,-1.87,1.381,2.109,0.33,3,11
2015-09-14T12:51:04.20Z,35.0173353,-79.1908945,1756.100,39.80,1.75,-1.71,1.381,2.105,0.37,3,11
2015-09-14T12:51:04.40Z,35.0174077,-79.1908904,1756.334,40.14,1.91,-1.51,1.381,2.107,0.35,3,11
2015-09-14T12:51:04.60Z,35.0174791,-79.1908865,1756.546,40.06,1.44,-1.45,1.374,2.093,0.27,3,11
2015-09-14T12:51:04.80Z,35.0175518,-79.1908828,1757.053,40.25,1.65,-1.79,1.374,2.091,0.29,3,11
2015-09-14T12:51:05.00Z,35.0176236,-79.1908785,1757.506,39.85,1.98,-1.83,1.374,2.088,0.38,3,11
2015-09-14T12:51:05.20Z,35.0176963,-79.1908737,1757.845,40.26,2.06,-1.75,1.378,2.090,0.43,3,11
2015-09-14T12:51:05.40Z,35.0177685,-79.1908693,1758.185,40.23,1.99,-1.85,1.390,2.097,0.53,3,11
2015-09-14T12:51:05.60Z,35.0178413,-79.1908657,1758.449,40.32,1.81,-1.69,1.385,2.090,0.28,3,11
2015-09-14T12:51:05.80Z,35.0179135,-79.1908618,1758.583,40.06,1.88,-1.42,1.383,2.094,0.34,3,11
2015-09-14T12:51:06.00Z,35.0179866,-79.1908572,1758.910,40.18,2.08,-1.33,1.382,2.103,0.36,3,11
2015-09-14T12:51:06.20Z,35.0180597,-79.1908540,1759.253,40.30,1.60,-1.52,1.375,2.104,0.33,3,11
2015-09-14T12:51:06.40Z,35.0181325,-79.1908498,1759.527,40.41,1.82,-1.55,1.371,2.103,0.29,3,11
2015-09-14T12:51:06.60Z,35.0182056,-79.1908459,1759.814,40.56,1.76,-1.44,1.366,2.097,0.28,3,11
2015-09-14T12:51:06.80Z,35.0182786,-79.1908417,1760.081,40.74,1.67,-1.45,1.359,2.078,0.26,3,11
2015-09-14T12:51:07.00Z,35.0183520,-79.1908378,1760.263,40.70,1.79,-1.22,1.351,2.058,0.24,3,11
2015-09-14T12:51:07.20Z,35.0184253,-79.1908336,1760.384,40.84,1.74,-1.05,1.343,2.043,0.26,3,11
2015-09-14T12:51:07.40Z,35.0184989,-79.1908299,1760.563,40.93,1.89,-0.84,1.330,2.018,0.21,3,10
2015-09-14T12:51:07.60Z,35.0185725,-79.1908252,1760.561,41.00,1.98,-0.57,1.321,2.000,0.27,3,11
2015-09-14T12:51:07.80Z,35.0186465,-79.1908202,1760.569,41.18,1.94,-0.51,1.317,1.991,0.29,3,11
2015-09-14T12:51:08.00Z,35.0187205,-79.1908148,1760.531,41.34,2.05,-0.53,1.314,1.984,0.32,3,11
2015-09-14T12:51:08.20Z,35.0187944,-79.1908096,1760.656,41.11,2.22,-0.47,1.309,1.979,0.31,3,11
2015-09-14T12:51:08.40Z,35.0188688,-79.1908051,1760.681,41.44,2.33,-0.56,1.302,1.971,0.31,3,11
2015-09-14T12:51:08.60Z,35.0189438,-79.1908010,1760.769,41.60,2.20,-0.26,1.284,1.932,0.24,3,11
2015-09-14T12:51:08.80Z,35.0190188,-79.1907955,1760.802,41.55,2.24,-0.22,1.272,1.912,0.19,3,11
2015-09-14T12:51:09.00Z,35.0190931,-79.1907913,1760.753,41.33,2.25,-0.09,1.262,1.907,0.27,3,11
2015-09-14T12:51:09.20Z,35.0191693,-79.1907865,1760.940,42.15,2.14,-0.19,1.255,1.903,0.30,3,10
2015-09-14T12:51:09.40Z,35.0192449,-79.1907801,1761.110,42.01,2.83,-0.52,1.252,1.896,0.34,3,11
2015-09-14T12:51:09.60Z,35.0193203,-79.1907745,1761.120,42.00,2.44,-0.58,1.253,1.894,0.35,3,11
2015-09-14T12:51:09.80Z,35.0193965,-79.1907694,1760.972,42.18,2.16,-0.42,1.248,1.877,0.24,3,11
2015-09-14T12:51:10.00Z,35.0194726,-79.1907626,1760.787,42.11,2.66,-0.38,1.242,1.861,0.27,3,11
2015-09-14T12:51:10.20Z,35.0195491,-79.1907566,1760.816,42.43,2.55,-0.37,1.237,1.849,0.24,3,11
2015-09-14T12:51:10.40Z,35.0196252,-79.1907506,1761.030,42.45,2.67,-0.42,1.232,1.831,0.23,3,11
2015-09-14T12:51:10.60Z,35.0197015,-79.1907442,1761.132,42.44,2.97,-0.39,1.229,1.828,0.24,3,11
2015-09-14T12:51:10.80Z,35.0197784,-79.1907383,1761.292,42.65,2.84,-0.46,1.224,1.815,0.26,3,11
2015-09-14T12:51:11.00Z,35.0198554,-79.1907318,1761.370,42.58,3.08,-0.38,1.224,1.815,0.31,3,11
2015-09-14T12:51:11.20Z,35.0199325,-79.1907262,1761.444,42.92,2.79,-0.45,1.224,1.810,0.35,3,11
2015-09-14T12:51:11.40Z,35.0200093,-79.1907194,1761.530,42.76,3.14,-0.58,1.219,1.800,0.25,3,11
2015-09-14T12:51:11.60Z,35.0200863,-79.1907125,1761.585,42.80,3.03,-0.51,1.212,1.784,0.22,3,11
2015-09-14T12:51:11.80Z,35.0201639,-79.1907055,1761.758,42.97,3.12,-0.54,1.203,1.769,0.22,3,11
2015-09-14T12:51:12.00Z,35.0202416,-79.1906983,1761.848,43.13,3.17,-0.53,1.197,1.762,0.23,3,11
2015-09-14T12:51:12.20Z,35.0203191,-79.1906908,1762.007,43.12,3.19,-0.56,1.192,1.758,0.27,3,11
2015-09-14T12:51:12.40Z,35.0203970,-79.1906838,1762.057,43.14,3.27,-0.70,1.177,1.745,0.19,3,11
2015-09-14T12:51:12.60Z,35.0204759,-79.1906765,1762.238,43.24,3.40,-0.64,1.162,1.737,0.21,3,11
2015-09-14T12:51:12.80Z,35.0205537,-79.1906691,1762.337,43.19,3.34,-0.60,1.151,1.729,0.21,3,11
2015-09-14T12:51:13.00Z,35.0206310,-79.1906615,1762.503,43.23,3.37,-0.66,1.140,1.724,0.21,3,11
2015-09-14T12:51:13.20Z,35.0207086,-79.1906531,1762.661,43.29,3.39,-0.67,1.131,1.719,0.21,3,11
2015-09-14T12:51:13.40Z,35.0207863,-79.1906451,1762.731,43.36,3.43,-0.66,1.121,1.714,0.21,3,11
2015-09-14T12:51:13.60Z,35.0208643,-79.1906375,1762.686,43.40,3.51,-0.62,1.112,1.710,0.21,3,11
2015-09-14T12:51:13.80Z,35.0209421,-79.1906295,1762.748,43.47,3.49,-0.68,1.102,1.702,0.20,3,11
2015-09-14T12:51:14.00Z,35.0210203,-79.1906213,1762.816,43.44,3.62,-0.58,1.099,1.702,0.21,3,11
2015-09-14T12:51:14.20Z,35.0210987,-79.1906132,1762.789,43.54,3.63,-0.52,1.098,1.701,0.23,3,11
2015-09-14T12:51:14.40Z,35.0211774,-79.1906052,1762.803,43.58,3.71,-0.48,1.096,1.700,0.25,3,11
2015-09-14T12:51:14.60Z,35.0212560,-79.1905967,1762.994,43.53,3.78,-0.61,1.094,1.697,0.25,3,11
2015-09-14T12:51:14.80Z,35.0213343,-79.1905885,1763.129,43.68,3.89,-0.69,1.094,1.694,0.25,3,11
2015-09-14T12:51:15.00Z,35.0214127,-79.1905800,1763.207,43.67,3.95,-0.51,1.095,1.693,0.26,3,11
2015-09-14T12:51:15.20Z,35.0214911,-79.1905718,1763.319,43.56,3.80,-0.55,1.097,1.694,0.28,3,11
2015-09-14T12:51:15.40Z,35.0215696,-79.1905638,1763.534,43.70,3.93,-0.56,1.092,1.680,0.25,3,11
2015-09-14T12:51:15.60Z,35.0216484,-79.1905555,1763.705,43.74,4.01,-0.62,1.088,1.667,0.25,3,11
2015-09-14T12:51:15.80Z,35.0217269,-79.1905469,1763.733,43.73,4.13,-0.58,1.085,1.658,0.23,3,11
2015-09-14T12:51:16.00Z,35.0218055,-79.1905385,1763.795,43.72,4.02,-0.58,1.085,1.657,0.24,3,11
2015-09-14T12:51:16.20Z,35.0218847,-79.1905297,1763.809,43.80,4.16,-0.62,1.086,1.656,0.26,3,11
2015-09-14T12:51:16.40Z,35.0219638,-79.1905202,1763.876,43.92,4.36,-0.62,1.087,1.655,0.26,3,11
2015-09-14T12:51:16.60Z,35.0220427,-79.1905107,1763.936,43.86,4.29,-0.65,1.082,1.642,0.23,3,11
2015-09-14T12:51:16.80Z,35.0221212,-79.1905010,1764.080,43.67,4.52,-0.63,1.079,1.633,0.24,3,11
2015-09-14T12:51:17.00Z,35.0221999,-79.1904918,1764.124,43.64,4.34,-0.42,1.084,1.632,0.32,3,11
2015-09-14T12:51:17.20Z,35.0222797,-79.1904828,1764.071,44.03,4.13,-0.50,1.081,1.623,0.24,3,11
2015-09-14T12:51:17.40Z,35.0223586,-79.1904715,1764.126,43.79,5.11,-0.44,1.094,1.629,0.56,3,11
2015-09-14T12:51:17.60Z,35.0224372,-79.1904606,1764.411,43.65,4.91,-0.69,1.091,1.626,0.26,3,11
2015-09-14T12:51:17.80Z,35.0225158,-79.1904509,1764.527,43.70,4.55,-0.58,1.100,1.628,0.38,3,11
2015-09-14T12:51:18.00Z,35.0225952,-79.1904409,1764.599,44.05,4.66,-0.61,1.107,1.625,0.34,3,10
2015-09-14T12:51:18.20Z,35.0226737,-79.1904310,1764.839,44.10,4.62,-0.70,1.111,1.616,0.33,3,11
2015-09-14T12:51:18.40Z,35.0227517,-79.1904211,1764.986,43.45,4.75,-0.68,1.112,1.619,0.31,3,11
2015-09-14T12:51:18.60Z,35.0228307,-79.1904115,1765.183,43.89,4.64,-0.67,1.110,1.618,0.25,3,11
2015-09-14T12:51:18.80Z,35.0229100,-79.1904017,1765.184,44.13,4.68,-0.62,1.104,1.608,0.20,3,11
2015-09-14T12:51:19.00Z,35.0229899,-79.1903909,1765.388,44.16,4.92,-0.43,1.091,1.579,0.18,3,11
2015-09-14T12:51:19.20Z,35.0230693,-79.1903806,1765.759,44.23,5.05,-0.39,1.079,1.556,0.22,3,11
2015-09-14T12:51:19.40Z,35.0231483,-79.1903696,1766.303,44.18,5.44,-0.53,1.067,1.533,0.22,3,11
2015-09-14T12:51:19.60Z,35.0232282,-79.1903570,1766.676,44.37,5.63,-0.59,1.056,1.511,0.21,3,11
2015-09-14T12:51:19.80Z,35.0233078,-79.1903452,1767.043,44.26,5.65,-0.73,1.046,1.493,0.18,3,11
2015-09-14T12:51:20.00Z,35.0233869,-79.1903337,1767.517,44.00,5.59,-0.72,1.039,1.477,0.20,3,10
2015-09-14T12:51:20.20Z,35.0234660,-79.1903217,1767.903,43.93,5.74,-0.75,1.028,1.456,0.17,3,11
2015-09-14T12:51:20.40Z,35.0235450,-79.1903094,1768.246,43.87,5.82,-0.71,1.016,1.436,0.17,3,11
2015-09-14T12:51:20.60Z,35.0236236,-79.1902960,1768.725,44.06,5.94,-0.88,1.007,1.420,0.17,3,11
2015-09-14T12:51:20.80Z,35.0237029,-79.1902820,1769.088,44.37,5.97,-0.77,1.000,1.404,0.17,3,11
2015-09-14T12:51:21.00Z,35.0237813,-79.1902679,1769.584,44.38,6.06,-0.89,0.991,1.388,0.18,3,11
2015-09-14T12:51:21.20Z,35.0238609,-79.1902543,1769.944,44.35,6.03,-0.90,0.984,1.374,0.17,3,11
2015-09-14T12:51:21.40Z,35.0239405,-79.1902402,1770.303,44.37,6.14,-1.00,0.977,1.361,0.18,3,11
2015-09-14T12:51:21.60Z,35.0240206,-79.1902263,1770.547,44.42,6.32,-0.98,0.969,1.348,0.17,3,11
2015-09-14T12:51:21.80Z,35.0241008,-79.1902125,1770.781,44.36,6.40,-1.10,0.961,1.334,0.17,3,11
2015-09-14T12:51:22.00Z,35.0241809,-79.1901972,1770.981,44.39,6.65,-1.15,0.952,1.320,0.17,3,11
2015-09-14T12:51:22.20Z,35.0242610,-79.1901812,1771.094,44.36,6.73,-1.13,0.942,1.307,0.16,3,11
2015-09-14T12:51:22.40Z,35.0243412,-79.1901654,1771.264,44.38,6.92,-1.13,0.931,1.292,0.16,3,11
2015-09-14T12:51:22.60Z,35.0244210,-79.1901490,1771.440,44.43,7.08,-1.14,0.922,1.280,0.16,3,11
2015-09-14T12:51:22.80Z,35.0245013,-79.1901324,1771.676,44.41,7.16,-1.12,0.913,1.269,0.15,3,11
2015-09-14T12:51:23.00Z,35.0245816,-79.1901162,1772.028,44.45,7.41,-1.22,0.906,1.259,0.16,3,11
2015-09-14T12:51:23.20Z,35.0246615,-79.1901001,1772.361,44.47,7.43,-1.21,0.898,1.252,0.17,3,11
2015-09-14T12:51:23.40Z,35.0247419,-79.1900838,1772.698,44.44,7.40,-1.28,0.891,1.245,0.18,3,11
2015-09-14T12:51:23.60Z,35.0248212,-79.1900675,1772.962,43.87,7.30,-1.29,0.882,1.239,0.18,3,9
2015-09-14T12:51:23.80Z,35.0248994,-79.1900519,1773.249,43.32,7.34,-1.61,0.872,1.233,0.15,3,10
2015-09-14T12:51:24.00Z,35.0249731,-79.1900374,1773.419,41.11,6.51,-0.86,0.864,1.226,0.17,3,11
2015-09-14T12:51:24.20Z,35.0250431,-79.1900234,1773.165,39.05,5.96,0.58,0.857,1.221,0.20,3,11
2015-09-14T12:51:24.40Z,35.0251107,-79.1900089,1772.528,37.48,6.19,2.25,0.852,1.214,0.19,3,11
2015-09-14T12:51:24.60Z,35.0251760,-79.1899960,1771.651,36.04,5.57,3.39,0.851,1.216,0.22,3,11
2015-09-14T12:51:24.80Z,35.0252377,-79.1899859,1770.579,34.34,4.33,4.42,0.853,1.219,0.27,3,11
2015-09-14T12:51:25.00Z,35.0252972,-79.1899763,1769.127,32.87,3.99,5.69,0.856,1.224,0.34,3,11
2015-09-14T12:51:25.20Z,35.0253568,-79.1899647,1766.788,32.14,3.86,7.87,0.857,1.223,0.40,3,11
2015-09-14T12:51:25.40Z,35.0254184,-79.1899490,1763.390,32.09,4.61,11.03,0.847,1.209,0.28,3,11
2015-09-14T12:51:25.60Z,35.0254766,-79.1899367,1760.258,31.55,4.63,12.89,0.841,1.201,0.28,3,11
2015-09-14T12:51:25.80Z,35.0255315,-79.1899245,1756.827,30.01,4.76,14.74,0.835,1.193,0.30,3,11
2015-09-14T12:51:26.00Z,35.0255837,-79.1899136,1753.185,28.93,4.51,16.38,0.828,1.183,0.29,3,11
2015-09-14T12:51:26.20Z,35.0256348,-79.1899036,1749.373,28.22,4.29,17.71,0.824,1.176,0.31,3,11
2015-09-14T12:51:26.40Z,35.0256830,-79.1898940,1745.445,26.86,4.33,18.81,0.821,1.171,0.33,3,11
2015-09-14T12:51:26.60Z,35.0257299,-79.1898847,1741.084,26.20,4.03,20.33,0.816,1.162,0.30,3,11
2015-09-14T12:51:26.80Z,35.0257758,-79.1898771,1736.608,25.33,3.53,21.41,0.814,1.160,0.33,3,11
2015-09-14T12:51:27.00Z,35.0258203,-79.1898679,1731.572,24.55,3.85,23.13,0.805,1.143,0.26,3,11
2015-09-14T12:51:27.20Z,35.0258626,-79.1898587,1726.519,23.51,4.07,24.21,0.795,1.127,0.25,3,11
2015-09-14T12:51:27.40Z,35.0259035,-79.1898504,1721.261,22.70,3.56,25.29,0.787,1.116,0.25,3,11
2015-09-14T12:51:27.60Z,35.0259426,-79.1898425,1715.866,21.50,3.61,26.24,0.779,1.105,0.24,3,11
2015-09-14T12:51:27.80Z,35.0259793,-79.1898340,1710.240,20.38,3.84,27.31,0.771,1.093,0.23,3,11
2015-09-14T12:51:28.00Z,35.0260136,-79.1898255,1704.458,19.01,3.73,28.26,0.764,1.085,0.23,3,11
2015-09-14T12:51:28.20Z,35.0260457,-79.1898171,1698.323,17.64,3.68,29.52,0.757,1.075,0.23,3,11
2015-09-14T12:51:28.40Z,35.0260762,-79.1898091,1692.020,16.81,3.49,30.65,0.751,1.066,0.23,3,11
2015-09-14T12:51:28.60Z,35.0261044,-79.1898014,1685.539,15.57,3.45,31.53,0.744,1.056,0.23,3,11
2015-09-14T12:51:28.80Z,35.0261295,-79.1897935,1679.104,14.19,3.56,31.75,0.738,1.047,0.23,3,11
2015-09-14T12:51:29.00Z,35.0261524,-79.1897856,1672.950,12.84,3.61,31.01,0.730,1.034,0.22,3,11
2015-09-14T12:51:29.20Z,35.0261729,-79.1897777,1667.254,11.76,3.78,29.46,0.723,1.021,0.20,3,11
2015-09-14T12:51:29.40Z,35.0261896,-79.1897691,1661.838,9.56,4.15,27.97,0.716,1.009,0.21,3,11
2015-09-14T12:51:29.60Z,35.0262007,-79.1897600,1656.640,6.75,4.33,26.73,0.710,0.997,0.21,3,11
2015-09-14T12:51:29.80Z,35.0262074,-79.1897502,1651.841,3.96,4.80,25.12,0.705,0.990,0.23,3,11
2015-09-14T12:51:30.00Z,35.0262140,-79.1897378,1647.594,4.02,6.13,22.85,0.700,0.981,0.26,3,11
2015-09-14T12:51:30.20Z,35.0262181,-79.1897233,1643.619,2.49,6.87,21.08,0.695,0.973,0.27,3,11
2015-09-14T12:51:30.40Z,35.0262194,-79.1897053,1639.769,0.84,8.41,19.93,0.690,0.964,0.26,3,11
2015-09-14T12:51:30.60Z,35.0262188,-79.1896853,1636.010,-0.15,9.27,19.28,0.685,0.954,0.23,3,11
2015-09-14T12:51:30.80Z,35.0262174,-79.1896641,1632.353,-0.69,9.88,18.67,0.679,0.945,0.21,3,11
2015-09-14T12:51:31.00Z,35.0262147,-79.1896422,1628.881,-1.33,10.11,17.82,0.673,0.936,0.21,3,11
2015-09-14T12:51:31.20Z,35.0262111,-79.1896182,1625.416,-1.78,10.84,17.52,0.669,0.931,0.22,3,11
2015-09-14T12:51:31.40Z,35.0262077,-79.1895912,1622.184,-1.68,12.30,16.62,0.666,0.926,0.22,3,11
2015-09-14T12:51:31.60Z,35.0262043,-79.1895618,1619.089,-1.70,13.42,15.87,0.663,0.922,0.23,3,11
2015-09-14T12:51:31.80Z,35.0262012,-79.1895309,1616.065,-1.57,14.08,15.35,0.661,0.918,0.23,3,11
2015-09-14T12:51:32.00Z,35.0261997,-79.1894979,1613.065,-0.79,14.97,15.04,0.659,0.915,0.23,3,11
2015-09-14T12:51:32.20Z,35.0261994,-79.1894640,1610.063,-0.16,15.43,14.93,0.658,0.912,0.23,3,11
2015-09-14T12:51:32.40Z,35.0262000,-79.1894296,1607.000,0.36,15.58,15.09,0.655,0.908,0.22,3,11
2015-09-14T12:51:32.60Z,35.0262018,-79.1893946,1603.978,1.04,15.86,15.01,0.653,0.905,0.23,3,11
2015-09-14T12:51:32.80Z,35.0262059,-79.1893591,1600.961,2.26,16.13,14.94,0.651,0.902,0.23,3,11
2015-09-14T12:51:33.00Z,35.0262126,-79.1893231,1597.951,3.70,16.34,14.92,0.650,0.901,0.24,3,11
2015-09-14T12:51:33.20Z,35.0262222,-79.1892872,1594.980,5.30,16.35,14.84,0.650,0.901,0.25,3,11
2015-09-14T12:51:33.40Z,35.0262333,-79.1892520,1592.130,6.21,16.07,14.47,0.650,0.902,0.26,3,11
2015-09-14T12:51:33.60Z,35.0262461,-79.1892170,1589.318,7.17,15.98,14.19,0.650,0.903,0.26,3,11
2015-09-14T12:51:33.80Z,35.0262611,-79.1891819,1586.569,8.32,16.03,13.92,0.652,0.906,0.30,3,11
2015-09-14T12:51:34.00Z,35.0262773,-79.1891473,1583.918,9.12,15.81,13.53,0.654,0.910,0.31,3,11
2015-09-14T12:51:34.20Z,35.0262941,-79.1891124,1581.367,9.43,15.94,13.05,0.655,0.914,0.31,3,11
2015-09-14T12:51:34.40Z,35.0263122,-79.1890777,1578.916,10.14,15.89,12.64,0.658,0.918,0.31,3,11
2015-09-14T12:51:34.60Z,35.0263305,-79.1890422,1576.606,10.39,16.30,12.11,0.662,0.923,0.31,3,11
2015-09-14T12:51:34.80Z,35.0263495,-79.1890063,1574.412,10.72,16.47,11.57,0.665,0.927,0.31,3,11
2015-09-14T12:51:35.00Z,35.0263685,-79.1889703,1572.352,10.84,16.54,11.00,0.668,0.931,0.30,3,11
2015-09-14T12:51:35.20Z,35.0263880,-79.1889338,1570.421,11.07,16.77,10.35,0.671,0.935,0.29,3,11
2015-09-14T12:51:35.40Z,35.0264077,-79.1888971,1568.597,11.17,16.86,9.75,0.674,0.938,0.29,3,11
2015-09-14T12:51:35.60Z,35.0264275,-79.1888602,1566.875,11.19,16.88,9.20,0.677,0.942,0.28,3,11
2015-09-14T12:51:35.80Z,35.0264474,-79.1888235,1565.228,11.28,16.84,8.76,0.681,0.945,0.28,3,11
2015-09-14T12:51:36.00Z,35.0264677,-79.1887873,1563.642,11.44,16.57,8.38,0.684,0.950,0.28,3,11
2015-09-14T12:51:36.20Z,35.0264882,-79.1887518,1562.157,11.57,16.28,7.96,0.689,0.956,0.28,3,11
2015-09-14T12:51:36.40Z,35.0265093,-79.1887170,1560.763,11.89,15.96,7.50,0.693,0.964,0.28,3,11
2015-09-14T12:51:36.60Z,35.0265309,-79.1886829,1559.512,12.19,15.69,6.93,0.696,0.969,0.28,3,11
2015-09-14T12:51:36.80Z,35.0265533,-79.1886493,1558.324,12.68,15.37,6.57,0.696,0.970,0.25,3,11
2015-09-14T12:51:37.00Z,35.0265760,-79.1886163,1556.885,12.53,14.96,6.87,0.702,0.980,0.27,3,11
2015-09-14T12:51:37.20Z,35.0265979,-79.1885853,1555.667,12.23,14.24,6.53,0.703,0.986,0.26,3,11
2015-09-14T12:51:37.40Z,35.0266200,-79.1885549,1554.419,12.24,13.89,6.41,0.702,0.988,0.24,3,11
2015-09-14T12:51:37.60Z,35.0266417,-79.1885247,1553.256,12.13,13.80,6.20,0.694,0.976,0.18,3,11
2015-09-14T12:51:37.80Z,35.0266633,-79.1884951,1552.014,11.93,13.44,6.09,0.687,0.964,0.17,3,11
2015-09-14T12:51:38.00Z,35.0266853,-79.1884662,1550.766,12.09,13.13,6.11,0.680,0.956,0.17,3,11
2015-09-14T12:51:38.20Z,35.0267066,-79.1884377,1549.557,11.77,13.00,6.05,0.674,0.948,0.17,3,11
2015-09-14T12:51:38.40Z,35.0267277,-79.1884091,1548.317,11.58,13.04,6.07,0.668,0.940,0.17,3,11
2015-09-14T12:51:38.60Z,35.0267486,-79.1883815,1547.101,11.44,12.58,5.93,0.663,0.933,0.17,3,11
2015-09-14T12:51:38.80Z,35.0267696,-79.1883547,1545.901,11.55,12.25,5.91,0.658,0.925,0.17,3,11
2015-09-14T12:51:39.00Z,35.0267902,-79.1883275,1544.666,11.33,12.45,6.05,0.652,0.918,0.16,3,11
2015-09-14T12:51:39.20Z,35.0268108,-79.1883011,1543.433,11.29,12.08,6.02,0.647,0.910,0.16,3,11
2015-09-14T12:51:39.40Z,35.0268307,-79.1882752,1542.283,11.12,11.96,5.96,0.641,0.901,0.16,3,11
2015-09-14T12:51:39.60Z,35.0268508,-79.1882490,1541.051,11.16,12.09,6.21,0.636,0.893,0.15,3,11
2015-09-14T12:51:39.80Z,35.0268715,-79.1882227,1539.759,11.41,12.04,6.34,0.631,0.885,0.15,3,11
2015-09-14T12:51:40.00Z,35.0268914,-79.1881964,1538.493,11.09,12.16,6.43,0.626,0.877,0.16,3,11
2015-09-14T12:51:40.20Z,35.0269112,-79.1881690,1537.147,10.98,12.58,6.57,0.621,0.869,0.16,3,11
2015-09-14T12:51:40.40Z,35.0269306,-79.1881412,1535.853,10.85,12.82,6.71,0.616,0.862,0.16,3,11
2015-09-14T12:51:40.60Z,35.0269501,-79.1881131,1534.456,10.80,12.92,6.78,0.612,0.855,0.16,3,11
2015-09-14T12:51:40.80Z,35.0269698,-79.1880844,1533.072,10.98,13.20,7.01,0.608,0.849,0.16,3,11
2015-09-14T12:51:41.00Z,35.0269893,-79.1880550,1531.599,10.78,13.46,7.13,0.604,0.843,0.16,3,11
2015-09-14T12:51:41.20Z,35.0270084,-79.1880253,1530.162,10.50,13.57,7.05,0.600,0.837,0.16,3,11
2015-09-14T12:51:41.40Z,35.0270275,-79.1879955,1528.672,10.48,13.60,7.14,0.597,0.831,0.16,3,11
2015-09-14T12:51:41.60Z,35.0270467,-79.1879659,1527.194,10.53,13.55,7.19,0.593,0.825,0.16,3,11
2015-09-14T12:51:41.80Z,35.0270658,-79.1879367,1525.773,10.54,13.40,7.18,0.589,0.820,0.16,3,11
2015-09-14T12:51:42.00Z,35.0270851,-79.1879074,1524.317,10.65,13.47,7.32,0.586,0.815,0.16,3,11
2015-09-14T12:51:42.20Z,35.0271046,-79.1878780,1522.841,10.73,13.47,7.38,0.583,0.809,0.16,3,11
2015-09-14T12:51:42.40Z,35.0271243,-79.1878489,1521.347,10.84,13.31,7.38,0.579,0.805,0.15,3,11
2015-09-14T12:51:42.60Z,35.0271441,-79.1878202,1519.856,10.97,13.17,7.43,0.576,0.800,0.16,3,11
2015-09-14T12:51:42.80Z,35.0271640,-79.1877923,1518.404,11.05,12.87,7.38,0.574,0.796,0.17,3,11
2015-09-14T12:51:43.00Z,35.0271843,-79.1877643,1516.891,11.17,12.82,7.48,0.571,0.792,0.17,3,11
2015-09-14T12:51:43.20Z,35.0272048,-79.1877363,1515.374,11.34,12.78,7.49,0.572,0.794,0.23,3,11
2015-09-14T12:51:43.40Z,35.0272256,-79.1877088,1513.862,11.49,12.57,7.51,0.572,0.797,0.23,3,11
2015-09-14T12:51:43.60Z,35.0272466,-79.1876819,1512.369,11.56,12.30,7.37,0.573,0.800,0.24,3,11
2015-09-14T12:51:43.80Z,35.0272676,-79.1876551,1510.887,11.63,12.25,7.35,0.574,0.804,0.23,3,11
2015-09-14T12:51:44.00Z,35.0272889,-79.1876288,1509.399,11.76,11.99,7.38,0.575,0.807,0.23,3,11
2015-09-14T12:51:44.20Z,35.0273104,-79.1876033,1507.921,11.87,11.66,7.34,0.576,0.811,0.24,3,11
2015-09-14T12:51:44.40Z,35.0273322,-79.1875784,1506.441,12.05,11.37,7.32,0.576,0.815,0.24,3,11
2015-09-14T12:51:44.60Z,35.0273541,-79.1875541,1504.988,12.10,11.08,7.19,0.577,0.819,0.23,3,11
2015-09-14T12:51:44.80Z,35.0273760,-79.1875302,1503.553,12.14,10.90,7.19,0.577,0.822,0.23,3,11
2015-09-14T12:51:45.00Z,35.0273982,-79.1875071,1502.102,12.24,10.54,7.21,0.577,0.825,0.22,3,11
2015-09-14T12:51:45.20Z,35.0274204,-79.1874848,1500.656,12.27,10.19,7.20,0.578,0.828,0.23,3,11
2015-09-14T12:51:45.40Z,35.0274428,-79.1874632,1499.214,12.44,9.89,7.21,0.579,0.832,0.23,3,11
2015-09-14T12:51:45.60Z,35.0274658,-79.1874423,1497.780,12.72,9.51,7.18,0.579,0.835,0.24,3,11
2015-09-14T12:51:45.80Z,35.0274898,-79.1874226,1496.338,13.27,8.99,7.15,0.580,0.838,0.23,3,11
2015-09-14T12:51:46.00Z,35.0275135,-79.1874032,1494.870,13.03,8.86,7.20,0.580,0.840,0.23,3,11
2015-09-14T12:51:46.20Z,35.0275368,-79.1873839,1493.456,12.85,8.80,6.94,0.580,0.841,0.22,3,11
2015-09-14T12:51:46.40Z,35.0275603,-79.1873652,1492.053,12.92,8.57,6.91,0.580,0.842,0.22,3,11
2015-09-14T12:51:46.60Z,35.0275835,-79.1873465,1490.669,12.78,8.58,6.86,0.580,0.843,0.22,3,11
2015-09-14T12:51:46.80Z,35.0276066,-79.1873280,1489.306,12.78,8.50,6.78,0.580,0.843,0.22,3,11
2015-09-14T12:51:47.00Z,35.0276299,-79.1873096,1487.942,12.87,8.44,6.82,0.579,0.843,0.21,3,11
2015-09-14T12:51:47.20Z,35.0276530,-79.1872911,1486.599,12.78,8.52,6.73,0.578,0.842,0.20,3,11
2015-09-14T12:51:47.40Z,35.0276762,-79.1872724,1485.279,12.82,8.56,6.65,0.576,0.840,0.18,3,11
2015-09-14T12:51:47.60Z,35.0276992,-79.1872537,1483.966,12.76,8.60,6.62,0.575,0.839,0.19,3,11
2015-09-14T12:51:47.80Z,35.0277221,-79.1872350,1482.653,12.64,8.57,6.60,0.574,0.838,0.18,3,11
2015-09-14T12:51:48.00Z,35.0277450,-79.1872165,1481.353,12.66,8.53,6.58,0.573,0.836,0.18,3,11
2015-09-14T12:51:48.20Z,35.0277678,-79.1871978,1480.039,12.63,8.55,6.56,0.572,0.834,0.18,3,11
2015-09-14T12:51:48.40Z,35.0277905,-79.1871792,1478.736,12.57,8.49,6.51,0.570,0.832,0.18,3,11
2015-09-14T12:51:48.60Z,35.0278131,-79.1871609,1477.459,12.47,8.41,6.37,0.569,0.830,0.17,3,11
2015-09-14T12:51:48.80Z,35.0278356,-79.1871427,1476.153,12.45,8.29,6.41,0.568,0.828,0.17,3,11
2015-09-14T12:51:49.00Z,35.0278579,-79.1871249,1474.893,12.33,8.19,6.35,0.566,0.826,0.17,3,11
2015-09-14T12:51:49.20Z,35.0278803,-79.1871076,1473.617,12.35,7.92,6.38,0.565,0.824,0.17,3,11
2015-09-14T12:51:49.40Z,35.0279028,-79.1870910,1472.315,12.40,7.58,6.49,0.564,0.823,0.17,3,11
2015-09-14T12:51:49.60Z,35.0279249,-79.1870754,1471.032,12.26,7.18,6.43,0.563,0.822,0.18,3,11
2015-09-14T12:51:49.80Z,35.0279469,-79.1870607,1469.747,12.18,6.75,6.41,0.562,0.821,0.18,3,11
2015-09-14T12:51:50.00Z,35.0279687,-79.1870469,1468.454,12.06,6.34,6.47,0.561,0.820,0.18,3,11
2015-09-14T12:51:50.20Z,35.0279904,-79.1870342,1467.141,12.00,5.84,6.54,0.560,0.819,0.18,3,11
2015-09-14T12:51:50.40Z,35.0280120,-79.1870228,1465.792,11.99,5.27,6.70,0.559,0.817,0.18,3,11
2015-09-14T12:51:50.60Z,35.0280333,-79.1870130,1464.420,11.83,4.53,6.81,0.558,0.816,0.18,3,11
2015-09-14T12:51:50.80Z,35.0280546,-79.1870048,1463.009,11.85,3.82,6.99,0.557,0.814,0.18,3,11
2015-09-14T12:51:51.00Z,35.0280757,-79.1869979,1461.597,11.69,3.22,7.06,0.556,0.811,0.18,3,11
2015-09-14T12:51:51.20Z,35.0280964,-79.1869922,1460.162,11.49,2.68,7.13,0.555,0.810,0.18,3,11
2015-09-14T12:51:51.40Z,35.0281172,-79.1869875,1458.720,11.51,2.23,7.17,0.554,0.809,0.18,3,11
2015-09-14T12:51:51.60Z,35.0281380,-79.1869837,1457.241,11.51,1.78,7.23,0.553,0.808,0.18,3,11
2015-09-14T12:51:51.80Z,35.0281582,-79.1869814,1455.772,11.21,1.11,7.25,0.553,0.807,0.18,3,11
2015-09-14T12:51:52.00Z,35.0281781,-79.1869800,1454.300,11.00,0.73,7.27,0.552,0.806,0.18,3,11
2015-09-14T12:51:52.20Z,35.0281975,-79.1869799,1452.860,10.69,0.18,7.15,0.551,0.805,0.18,3,11
2015-09-14T12:51:52.40Z,35.0282165,-79.1869808,1451.421,10.49,-0.31,7.13,0.551,0.804,0.18,3,11
2015-09-14T12:51:52.60Z,35.0282352,-79.1869824,1450.001,10.36,-0.61,7.07,0.550,0.803,0.18,3,11
2015-09-14T12:51:52.80Z,35.0282536,-79.1869848,1448.595,10.20,-1.00,7.11,0.549,0.802,0.18,3,11
2015-09-14T12:51:53.00Z,35.0282718,-79.1869878,1447.188,10.03,-1.26,7.05,0.549,0.800,0.18,3,11
2015-09-14T12:51:53.20Z,35.0282893,-79.1869918,1445.805,9.68,-1.68,6.98,0.548,0.799,0.18,3,11
2015-09-14T12:51:53.40Z,35.0283064,-79.1869965,1444.412,9.49,-2.03,6.98,0.548,0.798,0.18,3,11
2015-09-14T12:51:53.60Z,35.0283230,-79.1870017,1443.052,9.23,-2.26,6.81,0.547,0.797,0.17,3,11
2015-09-14T12:51:53.80Z,35.0283392,-79.1870078,1441.667,8.94,-2.67,6.83,0.546,0.795,0.17,3,11
2015-09-14T12:51:54.00Z,35.0283548,-79.1870152,1440.283,8.63,-3.28,6.90,0.545,0.794,0.17,3,11
2015-09-14T12:51:54.20Z,35.0283698,-79.1870234,1438.902,8.32,-3.61,6.91,0.545,0.793,0.17,3,11
2015-09-14T12:51:54.40Z,35.0283842,-79.1870325,1437.501,8.01,-4.06,6.97,0.544,0.791,0.17,3,11
2015-09-14T12:51:54.60Z,35.0283981,-79.1870423,1436.108,7.67,-4.37,6.95,0.543,0.790,0.17,3,11
2015-09-14T12:51:54.80Z,35.0284112,-79.1870533,1434.701,7.27,-4.92,7.00,0.543,0.789,0.16,3,11
2015-09-14T12:51:55.00Z,35.0284235,-79.1870653,1433.305,6.83,-5.36,6.96,0.541,0.785,0.16,3,11
2015-09-14T12:51:55.20Z,35.0284350,-79.1870781,1431.905,6.38,-5.75,7.02,0.539,0.780,0.16,3,11
2015-09-14T12:51:55.40Z,35.0284460,-79.1870916,1430.473,6.12,-6.06,7.23,0.537,0.776,0.16,3,11
2015-09-14T12:51:55.60Z,35.0284564,-79.1871059,1429.031,5.75,-6.41,7.29,0.535,0.772,0.17,3,11
2015-09-14T12:51:55.80Z,35.0284662,-79.1871210,1427.565,5.42,-6.82,7.35,0.533,0.768,0.16,3,11
2015-09-14T12:51:56.00Z,35.0284753,-79.1871368,1426.080,4.96,-7.15,7.47,0.531,0.765,0.16,3,11
2015-09-14T12:51:56.20Z,35.0284836,-79.1871538,1424.532,4.56,-7.70,7.67,0.530,0.761,0.16,3,11
2015-09-14T12:51:56.40Z,35.0284911,-79.1871716,1422.972,4.07,-8.08,7.77,0.528,0.757,0.15,3,11
2015-09-14T12:51:56.60Z,35.0284978,-79.1871904,1421.381,3.65,-8.55,7.88,0.526,0.754,0.15,3,11
2015-09-14T12:51:56.80Z,35.0285033,-79.1872107,1419.752,3.00,-9.25,8.09,0.525,0.750,0.15,3,11
2015-09-14T12:51:57.00Z,35.0285085,-79.1872320,1418.099,2.80,-9.70,8.18,0.523,0.747,0.14,3,11
2015-09-14T12:51:57.20Z,35.0285131,-79.1872538,1416.464,2.51,-9.93,8.11,0.522,0.745,0.14,3,11
2015-09-14T12:51:57.40Z,35.0285170,-79.1872760,1414.831,2.16,-10.10,8.09,0.521,0.743,0.14,3,11
2015-09-14T12:51:57.60Z,35.0285202,-79.1872993,1413.183,1.73,-10.60,8.19,0.520,0.741,0.14,3,11
2015-09-14T12:51:57.80Z,35.0285232,-79.1873231,1411.515,1.69,-10.85,8.31,0.519,0.740,0.14,3,11
2015-09-14T12:51:58.00Z,35.0285261,-79.1873468,1409.908,1.56,-10.74,8.08,0.519,0.739,0.14,3,11
2015-09-14T12:51:58.20Z,35.0285284,-79.1873708,1408.308,1.32,-10.92,7.98,0.518,0.737,0.14,3,11
2015-09-14T12:51:58.40Z,35.0285305,-79.1873955,1406.719,1.13,-11.26,8.01,0.517,0.736,0.14,3,11
2015-09-14T12:51:58.60Z,35.0285328,-79.1874210,1405.122,1.30,-11.61,8.08,0.516,0.734,0.14,3,11
2015-09-14T12:51:58.80Z,35.0285347,-79.1874469,1403.550,1.09,-11.77,7.98,0.515,0.732,0.14,3,11
2015-09-14T12:51:59.00Z,35.0285362,-79.1874732,1401.982,0.81,-11.92,7.94,0.514,0.730,0.14,3,11
2015-09-14T12:51:59.20Z,35.0285374,-79.1874993,1400.436,0.68,-11.89,7.84,0.513,0.727,0.14,3,11
2015-09-14T12:51:59.40Z,35.0285385,-79.1875255,1398.933,0.61,-11.90,7.70,0.512,0.725,0.13,3,11
2015-09-14T12:51:59.60Z,35.0285393,-79.1875520,1397.429,0.46,-12.07,7.68,0.511,0.722,0.13,3,11
2015-09-14T12:51:59.80Z,35.0285398,-79.1875789,1395.929,0.27,-12.24,7.68,0.510,0.720,0.14,3,11
2015-09-14T12:52:00.00Z,35.0285398,-79.1876063,1394.445,0.02,-12.52,7.58,0.509,0.718,0.14,3,11
2015-09-14T12:52:00.20Z,35.0285397,-79.1876343,1392.947,-0.11,-12.77,7.57,0.509,0.715,0.14,3,11
2015-09-14T12:52:00.40Z,35.0285389,-79.1876631,1391.444,-0.49,-13.16,7.59,0.508,0.713,0.14,3,11
2015-09-14T12:52:00.60Z,35.0285379,-79.1876918,1389.941,-0.55,-13.09,7.51,0.507,0.711,0.13,3,11
2015-09-14T12:52:00.80Z,35.0285367,-79.1877203,1388.467,-0.69,-12.99,7.41,0.506,0.709,0.13,3,11
2015-09-14T12:52:01.00Z,35.0285356,-79.1877486,1387.040,-0.65,-12.86,7.23,0.506,0.708,0.13,3,11
2015-09-14T12:52:01.20Z,35.0285344,-79.1877771,1385.607,-0.66,-13.00,7.26,0.504,0.706,0.12,3,12
2015-09-14T12:52:01.40Z,35.0285328,-79.1878058,1384.147,-0.86,-13.06,7.33,0.503,0.704,0.12,3,12
2015-09-14T12:52:01.60Z,35.0285307,-79.1878344,1382.695,-1.16,-13.06,7.30,0.502,0.701,0.12,3,12
2015-09-14T12:52:01.80Z,35.0285285,-79.1878631,1381.263,-1.24,-13.08,7.21,0.501,0.699,0.12,3,12
2015-09-14T12:52:02.00Z,35.0285262,-79.1878924,1379.804,-1.28,-13.32,7.33,0.500,0.696,0.12,3,12
2015-09-14T12:52:02.20Z,35.0285240,-79.1879219,1378.322,-1.19,-13.45,7.47,0.498,0.694,0.12,3,12
2015-09-14T12:52:02.40Z,35.0285218,-79.1879513,1376.824,-1.30,-13.39,7.45,0.497,0.691,0.12,3,12
2015-09-14T12:52:02.60Z,35.0285195,-79.1879805,1375.332,-1.35,-13.27,7.40,0.496,0.689,0.12,3,12
2015-09-14T12:52:02.80Z,35.0285167,-79.1880097,1373.840,-1.59,-13.31,7.43,0.495,0.687,0.12,3,12
2015-09-14T12:52:03.00Z,35.0285139,-79.1880393,1372.322,-1.56,-13.48,7.55,0.495,0.685,0.13,3,12
2015-09-14T12:52:03.20Z,35.0285112,-79.1880690,1370.744,-1.55,-13.52,7.81,0.494,0.683,0.13,3,12
2015-09-14T12:52:03.40Z,35.0285078,-79.1880990,1369.230,-1.85,-13.65,7.59,0.493,0.682,0.12,3,12
2015-09-14T12:52:03.60Z,35.0285049,-79.1881292,1367.672,-1.63,-13.77,7.70,0.492,0.680,0.13,3,12
2015-09-14T12:52:03.80Z,35.0285012,-79.1881594,1366.144,-2.03,-13.78,7.60,0.492,0.678,0.12,3,12
2015-09-14T12:52:04.00Z,35.0284972,-79.1881898,1364.618,-2.22,-13.84,7.67,0.491,0.677,0.12,3,12
2015-09-14T12:52:04.20Z,35.0284929,-79.1882202,1363.102,-2.37,-13.85,7.60,0.490,0.675,0.12,3,12
2015-09-14T12:52:04.40Z,35.0284880,-79.1882509,1361.570,-2.69,-13.99,7.66,0.489,0.673,0.12,3,12
2015-09-14T12:52:04.60Z,35.0284828,-79.1882822,1360.016,-2.89,-14.25,7.74,0.489,0.672,0.13,3,12
2015-09-14T12:52:04.80Z,35.0284773,-79.1883134,1358.474,-2.98,-14.26,7.77,0.488,0.672,0.12,3,12
2015-09-14T12:52:05.00Z,35.0284713,-79.1883444,1356.954,-3.33,-14.12,7.67,0.487,0.670,0.12,3,12
2015-09-14T12:52:05.20Z,35.0284647,-79.1883755,1355.461,-3.67,-14.15,7.57,0.487,0.669,0.13,3,12
2015-09-14T12:52:05.40Z,35.0284576,-79.1884071,1353.984,-3.93,-14.39,7.47,0.486,0.666,0.13,3,12
2015-09-14T12:52:05.60Z,35.0284504,-79.1884385,1352.532,-4.00,-14.28,7.36,0.485,0.664,0.13,3,12
2015-09-14T12:52:05.80Z,35.0284424,-79.1884701,1351.080,-4.45,-14.39,7.33,0.485,0.663,0.13,3,12
2015-09-14T12:52:06.00Z,35.0284336,-79.1885014,1349.597,-4.83,-14.31,7.40,0.485,0.662,0.14,3,12
2015-09-14T12:52:06.20Z,35.0284237,-79.1885326,1348.120,-5.48,-14.21,7.38,0.486,0.661,0.15,3,12
2015-09-14T12:52:06.40Z,35.0284126,-79.1885635,1346.656,-6.14,-14.08,7.35,0.486,0.661,0.15,3,12
2015-09-14T12:52:06.60Z,35.0284002,-79.1885940,1345.166,-6.91,-13.92,7.52,0.487,0.661,0.15,3,12
2015-09-14T12:52:06.80Z,35.0283874,-79.1886254,1343.738,-7.11,-14.28,7.20,0.488,0.661,0.15,3,12
2015-09-14T12:52:07.00Z,35.0283735,-79.1886563,1342.323,-7.71,-14.09,7.06,0.489,0.661,0.15,3,12
2015-09-14T12:52:07.20Z,35.0283586,-79.1886869,1340.896,-8.27,-13.92,7.07,0.491,0.662,0.15,3,12
2015-09-14T12:52:07.40Z,35.0283430,-79.1887170,1339.452,-8.61,-13.74,7.17,0.492,0.663,0.15,3,12
2015-09-14T12:52:07.60Z,35.0283269,-79.1887469,1338.032,-8.97,-13.63,7.14,0.494,0.664,0.15,3,12
2015-09-14T12:52:07.80Z,35.0283097,-79.1887763,1336.600,-9.49,-13.44,7.14,0.495,0.665,0.15,3,12
2015-09-14T12:52:08.00Z,35.0282920,-79.1888060,1335.243,-9.83,-13.49,6.90,0.497,0.665,0.15,3,12
2015-09-14T12:52:08.20Z,35.0282735,-79.1888360,1333.944,-10.30,-13.67,6.61,0.497,0.665,0.14,3,12
2015-09-14T12:52:08.40Z,35.0282549,-79.1888658,1332.601,-10.34,-13.57,6.62,0.497,0.663,0.13,3,12
2015-09-14T12:52:08.60Z,35.0282369,-79.1888955,1331.257,-9.96,-13.54,6.66,0.496,0.662,0.13,3,12
2015-09-14T12:52:08.80Z,35.0282191,-79.1889252,1329.930,-9.86,-13.54,6.70,0.495,0.660,0.13,3,12
2015-09-14T12:52:09.00Z,35.0282016,-79.1889547,1328.589,-9.68,-13.45,6.70,0.494,0.658,0.13,3,12
2015-09-14T12:52:09.20Z,35.0281845,-79.1889839,1327.259,-9.49,-13.28,6.67,0.493,0.656,0.13,3,12
2015-09-14T12:52:09.40Z,35.0281679,-79.1890131,1325.925,-9.25,-13.31,6.65,0.492,0.654,0.13,3,12
2015-09-14T12:52:09.60Z,35.0281520,-79.1890429,1324.574,-8.88,-13.58,6.68,0.491,0.652,0.13,3,12
2015-09-14T12:52:09.80Z,35.0281367,-79.1890729,1323.234,-8.48,-13.64,6.73,0.489,0.650,0.12,3,12
2015-09-14T12:52:10.00Z,35.0281224,-79.1891031,1321.854,-7.97,-13.82,6.88,0.488,0.649,0.12,3,12
2015-09-14T12:52:10.20Z,35.0281091,-79.1891333,1320.496,-7.42,-13.74,6.74,0.487,0.647,0.12,3,12
2015-09-14T12:52:10.40Z,35.0280966,-79.1891633,1319.153,-6.94,-13.71,6.69,0.486,0.646,0.12,3,12
2015-09-14T12:52:10.60Z,35.0280848,-79.1891937,1317.785,-6.58,-13.87,6.77,0.486,0.645,0.12,3,12
2015-09-14T12:52:10.80Z,35.0280734,-79.1892240,1316.442,-6.29,-13.82,6.67,0.485,0.643,0.12,3,12
2015-09-14T12:52:11.00Z,35.0280625,-79.1892541,1315.129,-6.08,-13.72,6.57,0.484,0.642,0.12,3,12
2015-09-14T12:52:11.20Z,35.0280518,-79.1892840,1313.820,-5.91,-13.67,6.57,0.483,0.641,0.12,3,12
2015-09-14T12:52:11.40Z,35.0280416,-79.1893141,1312.477,-5.67,-13.74,6.68,0.482,0.640,0.12,3,12
2015-09-14T12:52:11.60Z,35.0280317,-79.1893443,1311.170,-5.50,-13.77,6.52,0.481,0.638,0.12,3,12
2015-09-14T12:52:11.80Z,35.0280217,-79.1893752,1309.850,-5.53,-14.07,6.55,0.480,0.637,0.12,3,12
2015-09-14T12:52:12.00Z,35.0280119,-79.1894060,1308.520,-5.49,-14.06,6.60,0.479,0.636,0.12,3,12
2015-09-14T12:52:12.20Z,35.0280021,-79.1894367,1307.158,-5.43,-14.02,6.70,0.479,0.636,0.12,3,12
2015-09-14T12:52:12.40Z,35.0279925,-79.1894671,1305.838,-5.33,-13.83,6.56,0.479,0.636,0.12,3,12
2015-09-14T12:52:12.60Z,35.0279828,-79.1894970,1304.555,-5.37,-13.64,6.41,0.479,0.636,0.13,3,12
2015-09-14T12:52:12.80Z,35.0279728,-79.1895270,1303.229,-5.51,-13.72,6.54,0.479,0.637,0.13,3,12
2015-09-14T12:52:13.00Z,35.0279627,-79.1895571,1301.917,-5.57,-13.72,6.52,0.479,0.637,0.12,3,12
2015-09-14T12:52:13.20Z,35.0279526,-79.1895869,1300.612,-5.61,-13.62,6.47,0.479,0.637,0.12,3,12
2015-09-14T12:52:13.40Z,35.0279422,-79.1896168,1299.292,-5.71,-13.64,6.53,0.479,0.637,0.13,3,12
2015-09-14T12:52:13.60Z,35.0279316,-79.1896466,1297.951,-5.85,-13.62,6.60,0.479,0.638,0.13,3,12
2015-09-14T12:52:13.80Z,35.0279208,-79.1896760,1296.615,-6.00,-13.44,6.59,0.479,0.638,0.13,3,12
2015-09-14T12:52:14.00Z,35.0279096,-79.1897054,1295.266,-6.15,-13.43,6.68,0.478,0.638,0.13,3,12
2015-09-14T12:52:14.20Z,35.0278980,-79.1897346,1293.918,-6.37,-13.36,6.67,0.478,0.638,0.13,3,12
2015-09-14T12:52:14.40Z,35.0278861,-79.1897637,1292.556,-6.56,-13.32,6.67,0.478,0.637,0.13,3,12
2015-09-14T12:52:14.60Z,35.0278739,-79.1897928,1291.194,-6.75,-13.31,6.70,0.478,0.637,0.13,3,12
2015-09-14T12:52:14.80Z,35.0278612,-79.1898217,1289.828,-6.99,-13.24,6.73,0.477,0.636,0.13,3,12
2015-09-14T12:52:15.00Z,35.0278482,-79.1898505,1288.451,-7.22,-13.14,6.80,0.477,0.636,0.13,3,12
2015-09-14T12:52:15.20Z,35.0278346,-79.1898789,1287.073,-7.49,-12.99,6.81,0.477,0.636,0.13,3,12
2015-09-14T12:52:15.40Z,35.0278204,-79.1899069,1285.693,-7.84,-12.83,6.83,0.477,0.636,0.12,3,12
2015-09-14T12:52:15.60Z,35.0278052,-79.1899348,1284.285,-8.36,-12.73,6.99,0.477,0.637,0.13,3,12
2015-09-14T12:52:15.80Z,35.0277895,-79.1899623,1282.852,-8.68,-12.58,7.05,0.477,0.637,0.12,3,12
2015-09-14T12:52:16.00Z,35.0277732,-79.1899898,1281.406,-8.97,-12.55,7.13,0.477,0.637,0.12,3,12
2015-09-14T12:52:16.20Z,35.0277564,-79.1900169,1279.957,-9.30,-12.41,7.14,0.477,0.638,0.12,3,12
2015-09-14T12:52:16.40Z,35.0277392,-79.1900437,1278.539,-9.52,-12.22,7.00,0.477,0.638,0.12,3,12
2015-09-14T12:52:16.60Z,35.0277211,-79.1900700,1277.115,-9.96,-12.01,7.09,0.477,0.637,0.12,3,12
2015-09-14T12:52:16.80Z,35.0277025,-79.1900959,1275.722,-10.30,-11.83,6.96,0.476,0.636,0.12,3,12
2015-09-14T12:52:17.00Z,35.0276836,-79.1901213,1274.342,-10.49,-11.58,6.88,0.476,0.635,0.13,3,12
2015-09-14T12:52:17.20Z,35.0276651,-79.1901466,1272.972,-10.27,-11.53,6.83,0.475,0.633,0.13,3,12
2015-09-14T12:52:17.40Z,35.0276462,-79.1901718,1271.565,-10.51,-11.49,7.03,0.475,0.632,0.15,3,12
2015-09-14T12:52:17.60Z,35.0276264,-79.1901967,1270.166,-10.95,-11.34,6.96,0.475,0.632,0.16,3,12
2015-09-14T12:52:17.80Z,35.0276063,-79.1902210,1268.793,-11.16,-11.10,6.86,0.475,0.631,0.15,3,12
2015-09-14T12:52:18.00Z,35.0275857,-79.1902454,1267.419,-11.43,-11.10,6.83,0.476,0.631,0.16,3,12
2015-09-14T12:52:18.20Z,35.0275649,-79.1902699,1266.090,-11.58,-11.19,6.66,0.476,0.632,0.16,3,12
2015-09-14T12:52:18.40Z,35.0275437,-79.1902935,1264.754,-11.83,-10.76,6.76,0.478,0.632,0.17,3,12
2015-09-14T12:52:18.60Z,35.0275223,-79.1903174,1263.464,-11.90,-10.85,6.57,0.480,0.634,0.18,3,12
2015-09-14T12:52:18.80Z,35.0275006,-79.1903409,1262.146,-12.11,-10.71,6.54,0.482,0.636,0.18,3,12
2015-09-14T12:52:19.00Z,35.0274788,-79.1903641,1260.829,-12.17,-10.54,6.55,0.483,0.637,0.18,3,12
2015-09-14T12:52:19.20Z,35.0274566,-79.1903868,1259.500,-12.37,-10.35,6.57,0.484,0.639,0.18,3,12
2015-09-14T12:52:19.40Z,35.0274343,-79.1904102,1257.987,-12.45,-10.68,7.16,0.485,0.639,0.15,3,12
2015-09-14T12:52:19.60Z,35.0274113,-79.1904339,1256.355,-12.76,-10.85,7.75,0.485,0.638,0.14,3,12
2015-09-14T12:52:19.80Z,35.0273884,-79.1904569,1254.506,-12.78,-10.56,8.66,0.485,0.638,0.13,3,12
2015-09-14T12:52:20.00Z,35.0273656,-79.1904788,1252.550,-12.66,-10.01,9.37,0.485,0.637,0.14,3,12
2015-09-14T12:52:20.20Z,35.0273425,-79.1905010,1250.507,-12.91,-10.15,9.88,0.484,0.637,0.13,3,12
2015-09-14T12:52:20.40Z,35.0273187,-79.1905235,1248.375,-13.23,-10.28,10.33,0.484,0.637,0.13,3,12
2015-09-14T12:52:20.60Z,35.0272947,-79.1905458,1246.146,-13.38,-10.19,10.71,0.483,0.636,0.13,3,12
2015-09-14T12:52:20.80Z,35.0272707,-79.1905676,1243.848,-13.36,-9.96,11.18,0.483,0.635,0.13,3,12
2015-09-14T12:52:21.00Z,35.0272460,-79.1905897,1241.423,-13.75,-10.13,11.74,0.482,0.634,0.14,3,12
2015-09-14T12:52:21.20Z,35.0272213,-79.1906124,1238.926,-13.67,-10.33,12.16,0.481,0.632,0.14,3,12
2015-09-14T12:52:21.40Z,35.0271962,-79.1906348,1236.373,-13.95,-10.25,12.56,0.481,0.631,0.15,3,12
2015-09-14T12:52:21.60Z,35.0271700,-79.1906573,1233.757,-14.54,-10.27,12.89,0.480,0.631,0.15,3,12
2015-09-14T12:52:21.80Z,35.0271430,-79.1906800,1231.145,-14.98,-10.32,12.94,0.480,0.630,0.15,3,12
2015-09-14T12:52:22.00Z,35.0271151,-79.1907028,1228.478,-15.52,-10.46,13.19,0.480,0.630,0.16,3,12
2015-09-14T12:52:22.20Z,35.0270861,-79.1907254,1225.795,-16.07,-10.28,13.33,0.480,0.630,0.16,3,12
2015-09-14T12:52:22.40Z,35.0270563,-79.1907482,1223.042,-16.54,-10.42,13.60,0.480,0.629,0.15,3,12
2015-09-14T12:52:22.60Z,35.0270259,-79.1907705,1220.227,-16.85,-10.19,13.90,0.480,0.628,0.14,3,12
2015-09-14T12:52:22.80Z,35.0269948,-79.1907924,1217.397,-17.21,-10.01,13.99,0.480,0.628,0.15,3,12
2015-09-14T12:52:23.00Z,35.0269628,-79.1908143,1214.603,-17.74,-9.99,13.88,0.481,0.628,0.16,3,12
2015-09-14T12:52:23.20Z,35.0269300,-79.1908360,1211.904,-18.20,-9.82,13.51,0.481,0.627,0.15,3,12
2015-09-14T12:52:23.40Z,35.0268958,-79.1908565,1209.265,-18.98,-9.33,13.20,0.480,0.627,0.15,3,12
2015-09-14T12:52:23.60Z,35.0268603,-79.1908756,1206.729,-19.69,-8.71,12.81,0.480,0.626,0.14,3,12
2015-09-14T12:52:23.80Z,35.0268236,-79.1908938,1204.262,-20.34,-8.26,12.46,0.480,0.626,0.15,3,12
2015-09-14T12:52:24.00Z,35.0267859,-79.1909104,1201.880,-20.92,-7.53,12.03,0.480,0.625,0.14,3,12
2015-09-14T12:52:24.20Z,35.0267471,-79.1909246,1199.559,-21.49,-6.46,11.73,0.480,0.625,0.14,3,12
2015-09-14T12:52:24.40Z,35.0267071,-79.1909362,1197.302,-22.21,-5.28,11.43,0.481,0.625,0.15,3,12
2015-09-14T12:52:24.60Z,35.0266660,-79.1909452,1195.097,-22.76,-4.04,11.19,0.481,0.625,0.15,3,12
2015-09-14T12:52:24.80Z,35.0266241,-79.1909512,1192.894,-23.26,-2.76,11.09,0.481,0.625,0.16,3,12
2015-09-14T12:52:25.00Z,35.0265815,-79.1909540,1190.725,-23.63,-1.27,10.95,0.481,0.625,0.16,3,12
2015-09-14T12:52:25.20Z,35.0265385,-79.1909532,1188.564,-23.85,0.37,10.83,0.482,0.627,0.17,3,12
2015-09-14T12:52:25.40Z,35.0264956,-79.1909500,1186.456,-23.81,1.48,10.61,0.483,0.628,0.16,3,12
2015-09-14T12:52:25.60Z,35.0264524,-79.1909439,1184.281,-23.94,2.77,10.75,0.483,0.628,0.15,3,12
2015-09-14T12:52:25.80Z,35.0264097,-79.1909350,1182.049,-23.66,4.00,11.02,0.483,0.628,0.16,3,12
2015-09-14T12:52:26.00Z,35.0263673,-79.1909235,1179.777,-23.52,5.22,11.20,0.483,0.629,0.16,3,12
2015-09-14T12:52:26.20Z,35.0263255,-79.1909093,1177.536,-23.17,6.46,11.19,0.484,0.629,0.16,3,12
2015-09-14T12:52:26.40Z,35.0262837,-79.1908926,1175.337,-23.16,7.60,11.05,0.484,0.630,0.16,3,12
2015-09-14T12:52:26.60Z,35.0262418,-79.1908730,1173.130,-23.24,8.93,11.05,0.484,0.630,0.15,3,12
2015-09-14T12:52:26.80Z,35.0262006,-79.1908509,1170.921,-22.83,10.08,10.99,0.484,0.630,0.15,3,12
2015-09-14T12:52:27.00Z,35.0261604,-79.1908268,1168.724,-22.32,10.99,10.98,0.483,0.630,0.15,3,12
2015-09-14T12:52:27.20Z,35.0261207,-79.1908006,1166.578,-21.98,11.93,10.80,0.483,0.630,0.15,3,12
2015-09-14T12:52:27.40Z,35.0260819,-79.1907722,1164.468,-21.54,12.93,10.61,0.483,0.630,0.15,3,12
2015-09-14T12:52:27.60Z,35.0260437,-79.1907417,1162.395,-21.20,13.91,10.41,0.483,0.630,0.15,3,12
2015-09-14T12:52:27.80Z,35.0260060,-79.1907094,1160.373,-20.87,14.71,10.17,0.484,0.630,0.15,3,12
2015-09-14T12:52:28.00Z,35.0259688,-79.1906757,1158.399,-20.65,15.35,9.92,0.484,0.630,0.15,3,12
2015-09-14T12:52:28.20Z,35.0259320,-79.1906410,1156.470,-20.39,15.86,9.69,0.483,0.630,0.14,3,12
2015-09-14T12:52:28.40Z,35.0258961,-79.1906050,1154.633,-19.93,16.35,9.37,0.483,0.630,0.14,3,12
2015-09-14T12:52:28.60Z,35.0258610,-79.1905682,1152.838,-19.50,16.78,9.11,0.483,0.629,0.14,3,12
2015-09-14T12:52:28.80Z,35.0258266,-79.1905306,1151.065,-19.05,17.13,8.95,0.483,0.630,0.13,3,12
2015-09-14T12:52:29.00Z,35.0257929,-79.1904925,1149.269,-18.70,17.34,8.99,0.483,0.630,0.14,3,12
2015-09-14T12:52:29.20Z,35.0257595,-79.1904542,1147.489,-18.49,17.44,8.94,0.484,0.630,0.14,3,12
2015-09-14T12:52:29.40Z,35.0257266,-79.1904157,1145.696,-18.26,17.50,9.01,0.484,0.630,0.14,3,12
2015-09-14T12:52:29.60Z,35.0256939,-79.1903767,1143.931,-18.12,17.76,8.84,0.484,0.630,0.14,3,12
2015-09-14T12:52:29.80Z,35.0256619,-79.1903373,1142.259,-17.66,17.94,8.40,0.484,0.630,0.13,3,12
2015-09-14T12:52:30.00Z,35.0256308,-79.1902975,1140.756,-17.21,18.11,7.65,0.484,0.631,0.14,3,12
2015-09-14T12:52:30.20Z,35.0256005,-79.1902579,1139.405,-16.80,18.04,6.98,0.484,0.631,0.14,3,12
2015-09-14T12:52:30.40Z,35.0255707,-79.1902187,1138.119,-16.49,17.87,6.63,0.483,0.630,0.13,3,12
2015-09-14T12:52:30.60Z,35.0255410,-79.1901803,1136.907,-16.39,17.53,6.23,0.483,0.629,0.13,3,12
2015-09-14T12:52:30.80Z,35.0255115,-79.1901423,1135.739,-16.34,17.33,5.98,0.482,0.629,0.14,3,12
2015-09-14T12:52:31.00Z,35.0254823,-79.1901049,1134.617,-16.17,17.08,5.75,0.482,0.628,0.14,3,12
2015-09-14T12:52:31.20Z,35.0254531,-79.1900683,1133.528,-16.20,16.71,5.49,0.482,0.628,0.14,3,12
2015-09-14T12:52:31.40Z,35.0254238,-79.1900330,1132.486,-16.25,16.13,5.26,0.482,0.628,0.14,3,12
2015-09-14T12:52:31.60Z,35.0253943,-79.1899988,1131.467,-16.29,15.65,5.13,0.481,0.627,0.14,3,12
2015-09-14T12:52:31.80Z,35.0253651,-79.1899655,1130.449,-16.23,15.22,5.05,0.481,0.626,0.14,3,12
2015-09-14T12:52:32.00Z,35.0253359,-79.1899330,1129.446,-16.18,14.80,4.99,0.481,0.626,0.14,3,12
2015-09-14T12:52:32.20Z,35.0253068,-79.1899016,1128.450,-16.16,14.35,4.92,0.480,0.625,0.14,3,12
2015-09-14T12:52:32.40Z,35.0252778,-79.1898710,1127.463,-16.06,13.98,4.90,0.480,0.625,0.14,3,12
2015-09-14T12:52:32.60Z,35.0252490,-79.1898410,1126.468,-16.01,13.67,4.92,0.480,0.624,0.14,3,12
2015-09-14T12:52:32.80Z,35.0252204,-79.1898116,1125.457,-15.88,13.39,5.00,0.480,0.624,0.14,3,12
2015-09-14T12:52:33.00Z,35.0251918,-79.1897828,1124.428,-15.82,13.17,5.05,0.479,0.623,0.14,3,12
2015-09-14T12:52:33.20Z,35.0251636,-79.1897545,1123.399,-15.68,12.91,5.14,0.478,0.622,0.13,3,12
2015-09-14T12:52:33.40Z,35.0251356,-79.1897264,1122.333,-15.51,12.82,5.22,0.478,0.621,0.14,3,12
2015-09-14T12:52:33.60Z,35.0251077,-79.1896986,1121.240,-15.47,12.67,5.40,0.477,0.620,0.14,3,12
2015-09-14T12:52:33.80Z,35.0250799,-79.1896713,1120.106,-15.47,12.43,5.59,0.477,0.619,0.14,3,12
2015-09-14T12:52:34.00Z,35.0250516,-79.1896443,1118.898,-15.69,12.30,5.89,0.477,0.619,0.14,3,12
2015-09-14T12:52:34.20Z,35.0250234,-79.1896177,1117.646,-15.67,12.12,6.09,0.476,0.619,0.14,3,12
2015-09-14T12:52:34.40Z,35.0249953,-79.1895918,1116.367,-15.57,11.76,6.25,0.476,0.619,0.14,3,12
2015-09-14T12:52:34.60Z,35.0249673,-79.1895669,1115.075,-15.54,11.37,6.38,0.476,0.619,0.14,3,12
2015-09-14T12:52:34.80Z,35.0249391,-79.1895424,1113.739,-15.64,11.15,6.61,0.476,0.620,0.14,3,12
2015-09-14T12:52:35.00Z,35.0249106,-79.1895184,1112.353,-15.81,10.93,6.83,0.476,0.620,0.14,3,12
2015-09-14T12:52:35.20Z,35.0248819,-79.1894951,1110.940,-15.89,10.64,6.93,0.475,0.620,0.14,3,12
2015-09-14T12:52:35.40Z,35.0248532,-79.1894722,1109.517,-15.93,10.43,7.04,0.476,0.621,0.14,3,12
2015-09-14T12:52:35.60Z,35.0248242,-79.1894495,1108.031,-16.07,10.33,7.26,0.476,0.621,0.14,3,12
2015-09-14T12:52:35.80Z,35.0247954,-79.1894274,1106.568,-15.97,10.08,7.26,0.476,0.622,0.14,3,12
2015-09-14T12:52:36.00Z,35.0247664,-79.1894052,1105.106,-16.04,10.12,7.30,0.476,0.622,0.14,3,12
2015-09-14T12:52:36.20Z,35.0247370,-79.1893832,1103.587,-16.32,10.01,7.58,0.476,0.622,0.14,3,12
2015-09-14T12:52:36.40Z,35.0247069,-79.1893611,1102.011,-16.69,10.09,7.84,0.476,0.622,0.14,3,12
2015-09-14T12:52:36.60Z,35.0246772,-79.1893394,1100.417,-16.49,9.86,7.91,0.476,0.622,0.14,3,12
2015-09-14T12:52:36.80Z,35.0246470,-79.1893181,1098.786,-16.74,9.74,8.07,0.476,0.622,0.14,3,12
2015-09-14T12:52:37.00Z,35.0246165,-79.1892971,1097.162,-16.91,9.58,8.11,0.476,0.622,0.14,3,12
2015-09-14T12:52:37.20Z,35.0245855,-79.1892764,1095.516,-17.21,9.44,8.19,0.476,0.622,0.15,3,12
2015-09-14T12:52:37.40Z,35.0245535,-79.1892554,1093.870,-17.76,9.59,8.24,0.476,0.621,0.14,3,12
2015-09-14T12:52:37.60Z,35.0245213,-79.1892345,1092.190,-17.82,9.55,8.34,0.476,0.622,0.14,3,12
2015-09-14T12:52:37.80Z,35.0244896,-79.1892138,1090.550,-17.60,9.42,8.17,0.476,0.623,0.14,3,12
2015-09-14T12:52:38.00Z,35.0244582,-79.1891930,1088.981,-17.41,9.51,7.89,0.477,0.624,0.15,3,12
2015-09-14T12:52:38.20Z,35.0244270,-79.1891717,1087.408,-17.37,9.70,7.87,0.477,0.625,0.15,3,12
2015-09-14T12:52:38.40Z,35.0243958,-79.1891495,1085.833,-17.30,10.11,7.90,0.478,0.627,0.14,3,12
2015-09-14T12:52:38.60Z,35.0243648,-79.1891268,1084.236,-17.25,10.34,8.00,0.478,0.628,0.15,3,12
2015-09-14T12:52:38.80Z,35.0243337,-79.1891037,1082.581,-17.29,10.48,8.17,0.479,0.628,0.15,3,12
2015-09-14T12:52:39.00Z,35.0243028,-79.1890803,1080.870,-17.14,10.64,8.42,0.479,0.629,0.15,3,12
2015-09-14T12:52:39.20Z,35.0242723,-79.1890564,1079.130,-16.97,10.86,8.59,0.480,0.630,0.15,3,12
2015-09-14T12:52:39.40Z,35.0242422,-79.1890321,1077.365,-16.71,11.05,8.72,0.480,0.631,0.15,3,12
2015-09-14T12:52:39.60Z,35.0242123,-79.1890073,1075.569,-16.60,11.25,8.86,0.480,0.631,0.15,3,12
2015-09-14T12:52:39.80Z,35.0241823,-79.1889819,1073.713,-16.64,11.54,9.09,0.480,0.630,0.15,3,12
2015-09-14T12:52:40.00Z,35.0241522,-79.1889563,1071.839,-16.73,11.65,9.26,0.480,0.629,0.16,3,12
2015-09-14T12:52:40.20Z,35.0241218,-79.1889304,1069.940,-16.82,11.81,9.34,0.479,0.628,0.15,3,12
2015-09-14T12:52:40.40Z,35.0240914,-79.1889043,1068.031,-16.86,11.85,9.40,0.479,0.627,0.15,3,12
2015-09-14T12:52:40.60Z,35.0240610,-79.1888780,1066.092,-16.82,11.97,9.54,0.478,0.626,0.15,3,12
2015-09-14T12:52:40.80Z,35.0240306,-79.1888515,1064.081,-16.86,12.03,9.85,0.478,0.625,0.15,3,12
2015-09-14T12:52:41.00Z,35.0240003,-79.1888250,1062.013,-16.79,12.04,10.15,0.478,0.625,0.15,3,12
2015-09-14T12:52:41.20Z,35.0239696,-79.1887984,1059.855,-17.04,12.10,10.57,0.478,0.625,0.15,3,12
2015-09-14T12:52:41.40Z,35.0239388,-79.1887719,1057.657,-17.09,12.05,10.79,0.478,0.625,0.15,3,12
2015-09-14T12:52:41.60Z,35.0239077,-79.1887454,1055.392,-17.24,12.00,11.13,0.478,0.624,0.15,3,12
2015-09-14T12:52:41.80Z,35.0238763,-79.1887192,1053.063,-17.44,11.91,11.46,0.478,0.624,0.16,3,12
2015-09-14T12:52:42.00Z,35.0238447,-79.1886934,1050.709,-17.53,11.75,11.61,0.478,0.624,0.16,3,12
2015-09-14T12:52:42.20Z,35.0238127,-79.1886681,1048.308,-17.78,11.50,11.88,0.478,0.624,0.16,3,12
2015-09-14T12:52:42.40Z,35.0237801,-79.1886431,1045.881,-18.10,11.40,12.06,0.478,0.624,0.16,3,12
2015-09-14T12:52:42.60Z,35.0237470,-79.1886184,1043.440,-18.37,11.25,12.11,0.478,0.624,0.16,3,12
2015-09-14T12:52:42.80Z,35.0237134,-79.1885939,1040.997,-18.64,11.18,12.15,0.478,0.623,0.16,3,12
2015-09-14T12:52:43.00Z,35.0236794,-79.1885693,1038.563,-18.89,11.20,12.11,0.478,0.623,0.16,3,12
2015-09-14T12:52:43.20Z,35.0236449,-79.1885446,1036.163,-19.14,11.30,11.96,0.478,0.623,0.15,3,12
2015-09-14T12:52:43.40Z,35.0236104,-79.1885196,1033.792,-19.14,11.40,11.85,0.478,0.622,0.15,3,12
2015-09-14T12:52:43.60Z,35.0235757,-79.1884942,1031.438,-19.26,11.54,11.74,0.478,0.622,0.15,3,12
2015-09-14T12:52:43.80Z,35.0235411,-79.1884684,1029.121,-19.23,11.78,11.59,0.478,0.622,0.15,3,12
2015-09-14T12:52:44.00Z,35.0235066,-79.1884418,1026.840,-19.17,12.12,11.43,0.478,0.622,0.15,3,12
2015-09-14T12:52:44.20Z,35.0234724,-79.1884144,1024.592,-19.03,12.48,11.25,0.477,0.621,0.15,3,12
2015-09-14T12:52:44.40Z,35.0234382,-79.1883862,1022.381,-18.96,12.84,11.07,0.477,0.621,0.15,3,12
2015-09-14T12:52:44.60Z,35.0234046,-79.1883572,1020.224,-18.70,13.19,10.84,0.477,0.620,0.15,3,12
2015-09-14T12:52:44.80Z,35.0233714,-79.1883273,1018.107,-18.45,13.60,10.60,0.477,0.620,0.15,3,12
2015-09-14T12:52:45.00Z,35.0233386,-79.1882967,1016.031,-18.21,13.95,10.42,0.477,0.619,0.15,3,12
2015-09-14T12:52:45.20Z,35.0233062,-79.1882655,1014.005,-17.99,14.21,10.19,0.476,0.619,0.15,3,12
2015-09-14T12:52:45.40Z,35.0232741,-79.1882338,1012.016,-17.81,14.41,10.00,0.476,0.618,0.15,3,12
2015-09-14T12:52:45.60Z,35.0232423,-79.1882018,1010.073,-17.65,14.60,9.77,0.476,0.618,0.15,3,12
2015-09-14T12:52:45.80Z,35.0232107,-79.1881697,1008.170,-17.55,14.63,9.54,0.476,0.618,0.15,3,12
2015-09-14T12:52:46.00Z,35.0231792,-79.1881379,1006.302,-17.51,14.46,9.35,0.476,0.618,0.15,3,12
2015-09-14T12:52:46.20Z,35.0231473,-79.1881068,1004.446,-17.69,14.20,9.28,0.476,0.617,0.15,3,12
2015-09-14T12:52:46.40Z,35.0231151,-79.1880764,1002.604,-17.88,13.87,9.24,0.476,0.617,0.15,3,12
2015-09-14T12:52:46.60Z,35.0230823,-79.1880472,1000.744,-18.21,13.34,9.26,0.476,0.617,0.15,3,12
2015-09-14T12:52:46.80Z,35.0230490,-79.1880199,998.869,-18.46,12.48,9.33,0.476,0.617,0.15,3,12
2015-09-14T12:52:47.00Z,35.0230148,-79.1879947,996.929,-19.00,11.49,9.57,0.475,0.616,0.16,3,12
2015-09-14T12:52:47.20Z,35.0229799,-79.1879715,994.953,-19.36,10.57,9.72,0.475,0.615,0.16,3,12
2015-09-14T12:52:47.40Z,35.0229441,-79.1879510,992.936,-19.86,9.39,9.89,0.474,0.615,0.16,3,12
2015-09-14T12:52:47.60Z,35.0229076,-79.1879328,990.874,-20.26,8.32,10.14,0.474,0.614,0.16,3,12
2015-09-14T12:52:47.80Z,35.0228705,-79.1879175,988.772,-20.56,7.03,10.34,0.473,0.613,0.16,3,12
2015-09-14T12:52:48.00Z,35.0228336,-79.1879050,986.619,-20.53,5.72,10.64,0.474,0.614,0.16,3,12
2015-09-14T12:52:48.20Z,35.0227954,-79.1878946,984.447,-21.23,4.79,10.77,0.474,0.614,0.17,3,12
2015-09-14T12:52:48.40Z,35.0227565,-79.1878860,982.273,-21.62,3.99,10.77,0.475,0.614,0.17,3,12
2015-09-14T12:52:48.60Z,35.0227171,-79.1878795,980.098,-21.90,3.04,10.80,0.476,0.615,0.17,3,12
2015-09-14T12:52:48.80Z,35.0226772,-79.1878749,977.927,-22.17,2.16,10.78,0.477,0.616,0.17,3,12
2015-09-14T12:52:49.00Z,35.0226370,-79.1878722,975.794,-22.34,1.34,10.65,0.478,0.617,0.17,3,12
2015-09-14T12:52:49.20Z,35.0225967,-79.1878708,973.664,-22.41,0.71,10.53,0.479,0.618,0.17,3,12
2015-09-14T12:52:49.40Z,35.0225563,-79.1878709,971.580,-22.48,0.03,10.42,0.480,0.619,0.17,3,12
2015-09-14T12:52:49.60Z,35.0225157,-79.1878722,969.536,-22.58,-0.49,10.25,0.481,0.620,0.17,3,12
2015-09-14T12:52:49.80Z,35.0224750,-79.1878744,967.563,-22.68,-0.90,9.99,0.482,0.621,0.18,3,12
2015-09-14T12:52:50.00Z,35.0224339,-79.1878775,965.638,-22.81,-1.26,9.71,0.484,0.623,0.18,3,12
2015-09-14T12:52:50.20Z,35.0223927,-79.1878811,963.787,-22.93,-1.55,9.38,0.485,0.625,0.17,3,12
2015-09-14T12:52:50.40Z,35.0223504,-79.1878856,961.991,-23.44,-1.91,8.96,0.485,0.625,0.16,3,12
2015-09-14T12:52:50.60Z,35.0223088,-79.1878900,960.185,-23.15,-1.92,8.97,0.485,0.624,0.15,3,12
2015-09-14T12:52:50.80Z,35.0222674,-79.1878947,958.405,-22.96,-2.04,8.80,0.484,0.623,0.15,3,12
2015-09-14T12:52:51.00Z,35.0222263,-79.1878993,956.668,-22.83,-2.00,8.66,0.484,0.623,0.15,3,12
2015-09-14T12:52:51.20Z,35.0221852,-79.1879036,954.968,-22.82,-1.89,8.45,0.483,0.622,0.15,3,12
2015-09-14T12:52:51.40Z,35.0221444,-79.1879073,953.327,-22.64,-1.62,8.23,0.483,0.622,0.15,3,12
2015-09-14T12:52:51.60Z,35.0221038,-79.1879104,951.726,-22.52,-1.36,8.01,0.482,0.622,0.15,3,12
2015-09-14T12:52:51.80Z,35.0220632,-79.1879128,950.148,-22.49,-1.05,7.90,0.482,0.621,0.15,3,12
2015-09-14T12:52:52.00Z,35.0220229,-79.1879143,948.590,-22.35,-0.69,7.81,0.482,0.621,0.15,3,12
2015-09-14T12:52:52.20Z,35.0219828,-79.1879149,947.051,-22.25,-0.24,7.72,0.481,0.620,0.14,3,12
2015-09-14T12:52:52.40Z,35.0219428,-79.1879150,945.511,-22.16,0.00,7.70,0.481,0.620,0.14,3,12
2015-09-14T12:52:52.60Z,35.0219031,-79.1879145,943.988,-22.06,0.25,7.67,0.480,0.619,0.15,3,12
2015-09-14T12:52:52.80Z,35.0218634,-79.1879137,942.455,-21.97,0.38,7.61,0.479,0.618,0.14,3,12
2015-09-14T12:52:53.00Z,35.0218239,-79.1879130,940.940,-21.93,0.36,7.61,0.479,0.617,0.15,3,12
2015-09-14T12:52:53.20Z,35.0217846,-79.1879128,939.418,-21.80,0.14,7.56,0.478,0.616,0.15,3,12
2015-09-14T12:52:53.40Z,35.0217454,-79.1879132,937.870,-21.77,-0.15,7.68,0.478,0.615,0.15,3,12
2015-09-14T12:52:53.60Z,35.0217061,-79.1879146,936.272,-21.77,-0.66,7.91,0.477,0.615,0.15,3,12
2015-09-14T12:52:53.80Z,35.0216671,-79.1879172,934.567,-21.70,-1.18,8.35,0.477,0.614,0.15,3,12
2015-09-14T12:52:54.00Z,35.0216283,-79.1879218,932.768,-21.51,-2.10,8.85,0.477,0.614,0.14,3,12
2015-09-14T12:52:54.20Z,35.0215900,-79.1879279,930.868,-21.29,-2.81,9.32,0.476,0.613,0.14,3,12
2015-09-14T12:52:54.40Z,35.0215521,-79.1879358,928.880,-21.05,-3.63,9.74,0.476,0.613,0.14,3,12
2015-09-14T12:52:54.60Z,35.0215146,-79.1879455,926.787,-20.81,-4.44,10.24,0.476,0.613,0.14,3,12
2015-09-14T12:52:54.80Z,35.0214776,-79.1879571,924.601,-20.51,-5.31,10.67,0.475,0.613,0.14,3,12
2015-09-14T12:52:55.00Z,35.0214410,-79.1879709,922.347,-20.32,-6.34,11.05,0.475,0.612,0.14,3,12
2015-09-14T12:52:55.20Z,35.0214049,-79.1879862,920.047,-20.04,-7.00,11.30,0.474,0.612,0.14,3,12
2015-09-14T12:52:55.40Z,35.0213687,-79.1880033,917.722,-20.10,-7.84,11.49,0.474,0.611,0.13,3,12
2015-09-14T12:52:55.60Z,35.0213326,-79.1880218,915.397,-20.06,-8.44,11.53,0.473,0.611,0.13,3,12
2015-09-14T12:52:55.80Z,35.0212966,-79.1880413,913.108,-20.02,-8.89,11.47,0.473,0.610,0.14,3,12
2015-09-14T12:52:56.00Z,35.0212603,-79.1880615,910.862,-20.12,-9.22,11.28,0.472,0.609,0.14,3,12
2015-09-14T12:52:56.20Z,35.0212239,-79.1880824,908.669,-20.25,-9.51,11.06,0.472,0.609,0.14,3,12
2015-09-14T12:52:56.40Z,35.0211872,-79.1881036,906.539,-20.40,-9.63,10.79,0.472,0.609,0.14,3,12
2015-09-14T12:52:56.60Z,35.0211501,-79.1881248,904.504,-20.60,-9.66,10.36,0.472,0.608,0.14,3,12
2015-09-14T12:52:56.80Z,35.0211126,-79.1881460,902.626,-20.79,-9.67,9.64,0.471,0.608,0.14,3,12
2015-09-14T12:52:57.00Z,35.0210748,-79.1881675,900.925,-20.98,-9.76,8.79,0.471,0.608,0.14,3,12
2015-09-14T12:52:57.20Z,35.0210370,-79.1881889,899.394,-20.98,-9.71,8.02,0.470,0.608,0.14,3,12
2015-09-14T12:52:57.40Z,35.0209993,-79.1882102,897.999,-20.95,-9.71,7.27,0.470,0.607,0.14,3,12
2015-09-14T12:52:57.60Z,35.0209620,-79.1882320,896.744,-20.70,-9.90,6.59,0.470,0.607,0.14,3,12
2015-09-14T12:52:57.80Z,35.0209254,-79.1882539,895.617,-20.31,-9.97,5.99,0.470,0.607,0.14,3,12
2015-09-14T12:52:58.00Z,35.0208892,-79.1882760,894.564,-20.09,-10.06,5.52,0.470,0.607,0.14,3,12
2015-09-14T12:52:58.20Z,35.0208536,-79.1882981,893.632,-19.76,-10.05,4.92,0.470,0.607,0.14,3,12
2015-09-14T12:52:58.40Z,35.0208187,-79.1883201,892.851,-19.36,-9.98,4.16,0.470,0.607,0.14,3,12
2015-09-14T12:52:58.60Z,35.0207852,-79.1883420,892.238,-18.59,-9.89,3.34,0.469,0.607,0.14,3,12
2015-09-14T12:52:58.80Z,35.0207536,-79.1883628,891.662,-17.57,-9.47,3.09,0.470,0.607,0.14,3,12
2015-09-14T12:52:59.00Z,35.0207218,-79.1883835,891.074,-17.73,-9.42,3.14,0.470,0.607,0.15,3,12
2015-09-14T12:52:59.20Z,35.0206901,-79.1884044,890.421,-17.61,-9.52,3.28,0.471,0.608,0.15,3,12
2015-09-14T12:52:59.40Z,35.0206587,-79.1884252,889.587,-17.47,-9.51,3.89,0.472,0.608,0.15,3,12
2015-09-14T12:52:59.60Z,35.0206277,-79.1884461,888.641,-17.25,-9.57,4.48,0.474,0.611,0.20,3,12
2015-09-14T12:52:59.80Z,35.0205966,-79.1884662,887.501,-17.26,-9.21,5.35,0.477,0.613,0.22,3,12
2015-09-14T12:53:00.00Z,35.0205655,-79.1884863,886.182,-17.22,-9.17,6.22,0.479,0.616,0.22,3,12
2015-09-14T12:53:00.20Z,35.0205344,-79.1885061,884.692,-17.20,-9.05,7.00,0.481,0.618,0.22,3,12
2015-09-14T12:53:00.40Z,35.0205032,-79.1885258,883.019,-17.16,-8.99,7.82,0.483,0.621,0.22,3,12
2015-09-14T12:53:00.60Z,35.0204722,-79.1885452,881.158,-17.09,-8.88,8.69,0.485,0.623,0.21,3,12
2015-09-14T12:53:00.80Z,35.0204411,-79.1885647,879.143,-17.17,-8.88,9.52,0.486,0.625,0.21,3,12
2015-09-14T12:53:01.00Z,35.0204096,-79.1885844,876.981,-17.37,-8.96,10.28,0.487,0.625,0.19,3,12
2015-09-14T12:53:01.20Z,35.0203778,-79.1886042,874.685,-17.56,-9.03,11.00,0.487,0.626,0.19,3,12
2015-09-14T12:53:01.40Z,35.0203457,-79.1886244,872.300,-17.79,-9.19,11.60,0.488,0.627,0.18,3,12
2015-09-14T12:53:01.60Z,35.0203132,-79.1886448,869.854,-18.05,-9.32,12.01,0.488,0.627,0.17,3,12
2015-09-14T12:53:01.80Z,35.0202797,-79.1886658,867.310,-18.48,-9.55,12.34,0.487,0.626,0.15,3,12
2015-09-14T12:53:02.00Z,35.0202465,-79.1886872,864.742,-18.41,-9.75,12.56,0.487,0.625,0.14,3,12
2015-09-14T12:53:02.20Z,35.0202127,-79.1887094,862.322,-18.76,-10.09,12.23,0.486,0.623,0.14,3,12
2015-09-14T12:53:02.40Z,35.0201787,-79.1887329,860.059,-18.89,-10.62,11.57,0.485,0.622,0.14,3,12
2015-09-14T12:53:02.60Z,35.0201448,-79.1887566,857.905,-18.77,-10.67,10.92,0.484,0.621,0.14,3,12
2015-09-14T12:53:02.80Z,35.0201105,-79.1887803,855.882,-19.02,-10.73,10.45,0.484,0.621,0.15,3,12
2015-09-14T12:53:03.00Z,35.0200754,-79.1888046,854.057,-19.49,-10.91,9.61,0.484,0.620,0.15,3,12
2015-09-14T12:53:03.20Z,35.0200399,-79.1888289,852.404,-19.77,-10.99,8.73,0.485,0.621,0.16,3,12
2015-09-14T12:53:03.40Z,35.0200039,-79.1888528,851.003,-20.00,-10.73,7.60,0.485,0.621,0.16,3,12
2015-09-14T12:53:03.60Z,35.0199679,-79.1888760,849.853,-20.05,-10.45,6.38,0.486,0.621,0.16,3,12
2015-09-14T12:53:03.80Z,35.0199318,-79.1888986,848.949,-20.06,-10.20,5.22,0.486,0.621,0.15,3,12
2015-09-14T12:53:04.00Z,35.0198958,-79.1889208,848.190,-20.02,-9.98,4.28,0.486,0.620,0.14,3,12
2015-09-14T12:53:04.20Z,35.0198611,-79.1889412,847.715,-19.35,-9.15,3.07,0.484,0.619,0.14,3,12
2015-09-14T12:53:04.40Z,35.0198281,-79.1889603,847.447,-18.42,-8.56,1.90,0.483,0.617,0.14,3,12
2015-09-14T12:53:04.60Z,35.0197966,-79.1889784,847.388,-17.60,-8.09,0.91,0.482,0.616,0.14,3,12
2015-09-14T12:53:04.80Z,35.0197666,-79.1889954,847.454,-16.79,-7.65,0.21,0.480,0.615,0.14,3,12
2015-09-14T12:53:05.00Z,35.0197379,-79.1890115,847.569,-16.00,-7.24,-0.22,0.479,0.613,0.14,3,12
2015-09-14T12:53:05.20Z,35.0197111,-79.1890265,847.735,-14.98,-6.77,-0.55,0.477,0.612,0.14,3,12
2015-09-14T12:53:05.40Z,35.0196864,-79.1890406,847.844,-13.81,-6.40,-0.43,0.476,0.611,0.15,3,12
2015-09-14T12:53:05.60Z,35.0196624,-79.1890546,847.673,-13.41,-6.41,0.56,0.476,0.610,0.15,3,12
2015-09-14T12:53:05.80Z,35.0196377,-79.1890684,847.321,-13.76,-6.31,1.49,0.476,0.611,0.17,3,12
2015-09-14T12:53:06.00Z,35.0196130,-79.1890819,846.662,-13.76,-6.22,2.71,0.477,0.611,0.18,3,12
2015-09-14T12:53:06.20Z,35.0195879,-79.1890952,845.787,-13.91,-6.08,3.80,0.478,0.613,0.18,3,12
2015-09-14T12:53:06.40Z,35.0195627,-79.1891090,844.673,-13.95,-6.32,4.91,0.478,0.613,0.16,3,12
2015-09-14T12:53:06.60Z,35.0195373,-79.1891229,843.319,-14.11,-6.36,6.07,0.479,0.614,0.17,3,12
2015-09-14T12:53:06.80Z,35.0195111,-79.1891375,841.652,-14.52,-6.69,7.38,0.478,0.613,0.15,3,12
2015-09-14T12:53:07.00Z,35.0194851,-79.1891517,839.650,-14.42,-6.59,8.97,0.476,0.611,0.14,3,12
2015-09-14T12:53:07.20Z,35.0194594,-79.1891660,837.449,-14.24,-6.57,10.26,0.474,0.610,0.14,3,12
2015-09-14T12:53:07.40Z,35.0194341,-79.1891799,835.008,-14.14,-6.46,11.49,0.473,0.609,0.14,3,12
2015-09-14T12:53:07.60Z,35.0194085,-79.1891937,832.340,-14.25,-6.41,12.64,0.472,0.609,0.14,3,12
2015-09-14T12:53:07.80Z,35.0193826,-79.1892078,829.494,-14.47,-6.63,13.65,0.471,0.608,0.14,3,12
2015-09-14T12:53:08.00Z,35.0193559,-79.1892224,826.423,-14.88,-6.81,14.66,0.470,0.607,0.14,3,12
2015-09-14T12:53:08.20Z,35.0193283,-79.1892375,823.185,-15.33,-6.99,15.61,0.469,0.606,0.15,3,12
2015-09-14T12:53:08.40Z,35.0193001,-79.1892531,819.801,-15.70,-7.26,16.45,0.468,0.606,0.15,3,12
2015-09-14T12:53:08.60Z,35.0192709,-79.1892693,816.271,-16.27,-7.50,17.24,0.467,0.605,0.15,3,12
2015-09-14T12:53:08.80Z,35.0192404,-79.1892859,812.600,-16.89,-7.67,17.93,0.466,0.605,0.14,3,12
2015-09-14T12:53:09.00Z,35.0192089,-79.1893032,808.825,-17.49,-7.97,18.50,0.465,0.605,0.15,3,12
2015-09-14T12:53:09.20Z,35.0191763,-79.1893211,804.977,-18.04,-8.22,18.95,0.464,0.605,0.15,3,12
2015-09-14T12:53:09.40Z,35.0191429,-79.1893393,801.104,-18.61,-8.37,19.23,0.463,0.604,0.15,3,12
2015-09-14T12:53:09.60Z,35.0191084,-79.1893580,797.212,-19.20,-8.60,19.37,0.462,0.604,0.15,3,12
2015-09-14T12:53:09.80Z,35.0190726,-79.1893779,793.312,-19.87,-9.11,19.48,0.462,0.603,0.15,3,12
2015-09-14T12:53:10.00Z,35.0190355,-79.1893986,789.410,-20.57,-9.45,19.43,0.462,0.603,0.14,3,12
2015-09-14T12:53:10.20Z,35.0189974,-79.1894206,785.563,-21.09,-10.01,19.20,0.461,0.602,0.14,3,12
2015-09-14T12:53:10.40Z,35.0189587,-79.1894442,781.788,-21.47,-10.72,18.95,0.460,0.602,0.14,3,12
2015-09-14T12:53:10.60Z,35.0189197,-79.1894696,778.092,-21.67,-11.57,18.67,0.459,0.601,0.13,3,12
2015-09-14T12:53:10.80Z,35.0188803,-79.1894973,774.431,-21.85,-12.60,18.47,0.459,0.600,0.13,3,12
2015-09-14T12:53:11.00Z,35.0188414,-79.1895276,770.816,-21.64,-13.77,18.24,0.458,0.599,0.13,3,12
2015-09-14T12:53:11.20Z,35.0188033,-79.1895606,767.221,-21.14,-15.04,18.12,0.458,0.599,0.13,3,12
2015-09-14T12:53:11.40Z,35.0187665,-79.1895966,763.632,-20.46,-16.33,18.08,0.459,0.600,0.14,3,12
2015-09-14T12:53:11.60Z,35.0187316,-79.1896352,760.068,-19.40,-17.58,17.97,0.458,0.599,0.13,3,12
2015-09-14T12:53:11.80Z,35.0186989,-79.1896767,756.463,-18.18,-18.90,18.07,0.458,0.599,0.13,3,12
2015-09-14T12:53:12.00Z,35.0186690,-79.1897204,752.805,-16.68,-19.94,18.31,0.458,0.598,0.14,3,12
2015-09-14T12:53:12.20Z,35.0186416,-79.1897665,749.120,-15.28,-21.03,18.48,0.457,0.597,0.14,3,12
2015-09-14T12:53:12.40Z,35.0186176,-79.1898144,745.341,-13.38,-21.89,18.80,0.457,0.597,0.14,3,12
2015-09-14T12:53:12.60Z,35.0185971,-79.1898635,741.454,-11.41,-22.43,19.24,0.457,0.597,0.14,3,12
2015-09-14T12:53:12.80Z,35.0185805,-79.1899135,737.493,-9.23,-22.90,19.63,0.457,0.597,0.15,3,12
2015-09-14T12:53:13.00Z,35.0185680,-79.1899642,733.463,-6.97,-23.21,19.93,0.457,0.597,0.15,3,12
2015-09-14T12:53:13.20Z,35.0185599,-79.1900150,729.343,-4.52,-23.28,20.30,0.457,0.597,0.15,3,12
2015-09-14T12:53:13.40Z,35.0185565,-79.1900648,725.154,-1.92,-22.82,20.69,0.457,0.597,0.15,3,12
2015-09-14T12:53:13.60Z,35.0185576,-79.1901133,720.898,0.61,-22.23,21.03,0.458,0.598,0.14,3,12
2015-09-14T12:53:13.80Z,35.0185631,-79.1901602,716.604,3.02,-21.49,21.21,0.458,0.599,0.14,3,12
2015-09-14T12:53:14.00Z,35.0185731,-79.1902044,712.299,5.49,-20.32,21.34,0.459,0.600,0.14,3,12
2015-09-14T12:53:14.20Z,35.0185869,-79.1902462,708.033,7.65,-19.17,21.18,0.459,0.601,0.14,3,12
2015-09-14T12:53:14.40Z,35.0186043,-79.1902856,703.849,9.61,-18.05,20.86,0.460,0.602,0.14,3,12
2015-09-14T12:53:14.60Z,35.0186248,-79.1903229,699.785,11.37,-17.11,20.41,0.460,0.603,0.14,3,12
2015-09-14T12:53:14.80Z,35.0186482,-79.1903582,695.859,12.93,-16.15,19.80,0.461,0.603,0.14,3,12
2015-09-14T12:53:15.00Z,35.0186742,-79.1903915,692.124,14.39,-15.22,18.98,0.461,0.604,0.14,3,12
2015-09-14T12:53:15.20Z,35.0187022,-79.1904239,688.639,15.43,-14.74,17.96,0.461,0.604,0.15,3,12
2015-09-14T12:53:15.40Z,35.0187314,-79.1904558,685.367,16.11,-14.53,16.97,0.461,0.604,0.15,3,12
2015-09-14T12:53:15.60Z,35.0187619,-79.1904872,682.325,16.82,-14.32,15.96,0.460,0.603,0.15,3,12
2015-09-14T12:53:15.80Z,35.0187931,-79.1905189,679.453,17.15,-14.43,15.01,0.459,0.602,0.14,3,12
2015-09-14T12:53:16.00Z,35.0188247,-79.1905505,676.770,17.44,-14.39,14.02,0.458,0.601,0.14,3,12
2015-09-14T12:53:16.20Z,35.0188561,-79.1905827,674.249,17.37,-14.68,13.14,0.457,0.601,0.14,3,12
2015-09-14T12:53:16.40Z,35.0188872,-79.1906156,671.892,17.17,-14.94,12.30,0.457,0.600,0.14,3,12
2015-09-14T12:53:16.60Z,35.0189177,-79.1906492,669.651,16.83,-15.31,11.62,0.456,0.599,0.14,3,12
2015-09-14T12:53:16.80Z,35.0189475,-79.1906837,667.550,16.48,-15.68,10.95,0.455,0.598,0.13,3,12
2015-09-14T12:53:17.00Z,35.0189766,-79.1907191,665.544,16.11,-16.12,10.34,0.454,0.598,0.13,3,12
2015-09-14T12:53:17.20Z,35.0190049,-79.1907554,663.641,15.59,-16.52,9.86,0.454,0.597,0.13,3,12
2015-09-14T12:53:17.40Z,35.0190323,-79.1907924,661.848,15.17,-16.82,9.30,0.453,0.596,0.13,3,12
2015-09-14T12:53:17.60Z,35.0190590,-79.1908298,660.152,14.74,-17.00,8.77,0.452,0.595,0.13,3,12
2015-09-14T12:53:17.80Z,35.0190849,-79.1908674,658.537,14.33,-17.10,8.34,0.452,0.594,0.13,3,12
2015-09-14T12:53:18.00Z,35.0191100,-79.1909050,657.003,13.91,-17.14,7.94,0.451,0.594,0.13,3,12
2015-09-14T12:53:18.20Z,35.0191343,-79.1909430,655.500,13.47,-17.29,7.72,0.451,0.593,0.13,3,12
2015-09-14T12:53:18.40Z,35.0191577,-79.1909813,654.003,12.97,-17.46,7.64,0.450,0.592,0.14,3,12
2015-09-14T12:53:18.60Z,35.0191804,-79.1910198,652.506,12.54,-17.54,7.59,0.450,0.592,0.14,3,12
2015-09-14T12:53:18.80Z,35.0192025,-79.1910581,651.005,12.25,-17.50,7.56,0.450,0.591,0.14,3,12
2015-09-14T12:53:19.00Z,35.0192240,-79.1910966,649.479,11.91,-17.55,7.64,0.449,0.591,0.14,3,12
2015-09-14T12:53:19.20Z,35.0192451,-79.1911353,647.912,11.63,-17.64,7.82,0.449,0.591,0.14,3,12
2015-09-14T12:53:19.40Z,35.0192656,-79.1911740,646.342,11.31,-17.64,7.92,0.448,0.590,0.13,3,12
2015-09-14T12:53:19.60Z,35.0192855,-79.1912126,644.774,10.99,-17.62,7.89,0.448,0.590,0.14,3,12
2015-09-14T12:53:19.80Z,35.0193049,-79.1912512,643.207,10.72,-17.60,7.85,0.448,0.589,0.13,3,12
2015-09-14T12:53:20.00Z,35.0193237,-79.1912901,641.651,10.41,-17.71,7.84,0.448,0.589,0.13,3,12
2015-09-14T12:53:20.20Z,35.0193419,-79.1913293,640.090,10.05,-17.85,7.85,0.448,0.588,0.13,3,12
2015-09-14T12:53:20.40Z,35.0193594,-79.1913687,638.518,9.65,-17.94,7.92,0.447,0.588,0.13,3,12
2015-09-14T12:53:20.60Z,35.0193757,-79.1914086,636.870,9.00,-18.22,8.13,0.447,0.588,0.12,3,12
2015-09-14T12:53:20.80Z,35.0193909,-79.1914491,635.201,8.43,-18.48,8.28,0.447,0.588,0.12,3,12
2015-09-14T12:53:21.00Z,35.0194048,-79.1914905,633.495,7.66,-18.90,8.39,0.446,0.588,0.12,3,12
2015-09-14T12:53:21.20Z,35.0194180,-79.1915330,631.733,7.29,-19.43,8.66,0.446,0.588,0.12,3,12
2015-09-14T12:53:21.40Z,35.0194299,-79.1915763,629.983,6.59,-19.76,8.69,0.446,0.588,0.12,3,12
2015-09-14T12:53:21.60Z,35.0194413,-79.1916201,628.170,6.32,-20.02,8.96,0.445,0.588,0.12,3,12
2015-09-14T12:53:21.80Z,35.0194522,-79.1916644,626.342,5.97,-20.21,9.13,0.445,0.587,0.13,3,12
2015-09-14T12:53:22.00Z,35.0194626,-79.1917086,624.498,5.77,-20.22,9.20,0.444,0.587,0.13,3,12
2015-09-14T12:53:22.20Z,35.0194731,-79.1917527,622.662,5.76,-20.12,9.17,0.444,0.586,0.13,3,12
2015-09-14T12:53:22.40Z,35.0194833,-79.1917968,620.822,5.58,-20.10,9.22,0.443,0.586,0.13,3,12
2015-09-14T12:53:22.60Z,35.0194936,-79.1918409,618.961,5.67,-20.12,9.34,0.443,0.585,0.13,3,12
2015-09-14T12:53:22.80Z,35.0195042,-79.1918850,617.086,5.82,-20.09,9.39,0.442,0.584,0.13,3,12
2015-09-14T12:53:23.00Z,35.0195154,-79.1919288,615.174,6.12,-20.00,9.49,0.442,0.584,0.12,3,12
2015-09-14T12:53:23.20Z,35.0195275,-79.1919720,613.248,6.61,-19.73,9.55,0.441,0.583,0.13,3,12
2015-09-14T12:53:23.40Z,35.0195402,-79.1920145,611.292,7.05,-19.42,9.70,0.440,0.583,0.13,3,12
2015-09-14T12:53:23.60Z,35.0195537,-79.1920561,609.323,7.40,-18.97,9.79,0.440,0.583,0.13,3,12
2015-09-14T12:53:23.80Z,35.0195679,-79.1920969,607.320,7.85,-18.62,9.93,0.440,0.583,0.13,3,12
2015-09-14T12:53:24.00Z,35.0195830,-79.1921366,605.281,8.31,-18.14,10.03,0.440,0.583,0.13,3,12
2015-09-14T12:53:24.20Z,35.0195989,-79.1921753,603.208,8.77,-17.68,10.27,0.440,0.583,0.13,3,12
2015-09-14T12:53:24.40Z,35.0196155,-79.1922132,601.069,9.22,-17.30,10.53,0.440,0.583,0.13,3,12
2015-09-14T12:53:24.60Z,35.0196330,-79.1922500,598.923,9.67,-16.80,10.66,0.439,0.583,0.14,3,12
2015-09-14T12:53:24.80Z,35.0196512,-79.1922858,596.745,10.03,-16.35,10.80,0.439,0.583,0.13,3,12
2015-09-14T12:53:25.00Z,35.0196702,-79.1923207,594.562,10.50,-15.95,10.84,0.439,0.583,0.14,3,12
2015-09-14T12:53:25.20Z,35.0196896,-79.1923551,592.375,10.76,-15.70,10.88,0.439,0.583,0.14,3,12
2015-09-14T12:53:25.40Z,35.0197095,-79.1923890,590.202,11.00,-15.46,10.86,0.439,0.583,0.13,3,12
2015-09-14T12:53:25.60Z,35.0197294,-79.1924229,588.025,11.02,-15.48,10.82,0.438,0.582,0.13,3,12
2015-09-14T12:53:25.80Z,35.0197491,-79.1924572,585.883,10.89,-15.60,10.73,0.438,0.581,0.14,3,12
2015-09-14T12:53:26.00Z,35.0197687,-79.1924918,583.737,10.82,-15.80,10.70,0.437,0.580,0.14,3,12
2015-09-14T12:53:26.20Z,35.0197882,-79.1925272,581.581,10.73,-16.14,10.72,0.437,0.580,0.14,3,12
2015-09-14T12:53:26.40Z,35.0198075,-79.1925633,579.437,10.63,-16.46,10.72,0.437,0.579,0.14,3,12
2015-09-14T12:53:26.60Z,35.0198263,-79.1926000,577.288,10.39,-16.74,10.70,0.436,0.579,0.14,3,12
2015-09-14T12:53:26.80Z,35.0198444,-79.1926378,575.133,9.99,-17.20,10.71,0.436,0.578,0.14,3,12
2015-09-14T12:53:27.00Z,35.0198619,-79.1926763,572.980,9.61,-17.60,10.73,0.436,0.578,0.14,3,12
2015-09-14T12:53:27.20Z,35.0198786,-79.1927158,570.837,9.25,-18.01,10.68,0.435,0.578,0.13,3,12
2015-09-14T12:53:27.40Z,35.0198945,-79.1927563,568.723,8.77,-18.49,10.58,0.435,0.577,0.14,3,12
2015-09-14T12:53:27.60Z,35.0199094,-79.1927978,566.651,8.23,-18.96,10.42,0.435,0.577,0.13,3,12
2015-09-14T12:53:27.80Z,35.0199231,-79.1928406,564.630,7.60,-19.50,10.17,0.435,0.578,0.13,3,12
2015-09-14T12:53:28.00Z,35.0199358,-79.1928843,562.644,7.02,-19.91,10.01,0.435,0.578,0.13,3,12
2015-09-14T12:53:28.20Z,35.0199474,-79.1929289,560.635,6.36,-20.34,10.09,0.435,0.578,0.13,3,12
2015-09-14T12:53:28.40Z,35.0199575,-79.1929746,558.585,5.58,-20.84,10.27,0.435,0.578,0.13,3,12
2015-09-14T12:53:28.60Z,35.0199659,-79.1930211,556.509,4.68,-21.19,10.38,0.435,0.579,0.13,3,12
2015-09-14T12:53:28.80Z,35.0199732,-79.1930684,554.400,3.98,-21.57,10.49,0.435,0.579,0.13,3,12
2015-09-14T12:53:29.00Z,35.0199793,-79.1931165,552.285,3.37,-21.93,10.54,0.435,0.579,0.13,3,12
2015-09-14T12:53:29.20Z,35.0199845,-79.1931653,550.159,2.87,-22.27,10.63,0.434,0.579,0.12,3,15
2015-09-14T12:53:29.40Z,35.0199893,-79.1932145,548.047,2.62,-22.46,10.57,0.433,0.578,0.12,3,15
2015-09-14T12:53:29.60Z,35.0199938,-79.1932639,545.939,2.49,-22.56,10.53,0.433,0.578,0.12,3,15
2015-09-14T12:53:29.80Z,35.0199985,-79.1933132,543.833,2.60,-22.50,10.49,0.432,0.578,0.12,3,15
2015-09-14T12:53:30.00Z,35.0200034,-79.1933624,541.743,2.69,-22.42,10.42,0.431,0.577,0.12,3,15
2015-09-14T12:53:30.20Z,35.0200088,-79.1934114,539.674,2.97,-22.35,10.31,0.430,0.576,0.12,3,15
2015-09-14T12:53:30.40Z,35.0200144,-79.1934602,537.652,3.10,-22.26,10.13,0.430,0.576,0.12,3,15
2015-09-14T12:53:30.60Z,35.0200201,-79.1935088,535.722,3.11,-22.19,9.71,0.429,0.575,0.12,3,15
2015-09-14T12:53:30.80Z,35.0200255,-79.1935576,533.879,2.97,-22.23,9.29,0.428,0.575,0.12,3,15
2015-09-14T12:53:31.00Z,35.0200302,-79.1936067,532.112,2.56,-22.38,8.98,0.427,0.574,0.12,3,15
2015-09-14T12:53:31.20Z,35.0200335,-79.1936562,530.357,1.84,-22.54,8.84,0.427,0.573,0.12,3,15
2015-09-14T12:53:31.40Z,35.0200348,-79.1937059,528.589,0.72,-22.68,8.87,0.427,0.573,0.12,3,15
2015-09-14T12:53:31.60Z,35.0200338,-79.1937559,526.708,-0.52,-22.87,9.25,0.426,0.573,0.12,3,15
2015-09-14T12:53:31.80Z,35.0200303,-79.1938058,524.713,-1.93,-22.78,9.80,0.426,0.573,0.12,3,15
2015-09-14T12:53:32.00Z,35.0200245,-79.1938558,522.605,-3.18,-22.86,10.29,0.425,0.573,0.12,3,15
2015-09-14T12:53:32.20Z,35.0200163,-79.1939055,520.345,-4.49,-22.76,10.93,0.425,0.573,0.11,3,15
2015-09-14T12:53:32.40Z,35.0200056,-79.1939549,517.986,-5.90,-22.62,11.48,0.424,0.573,0.11,3,15
2015-09-14T12:53:32.60Z,35.0199923,-79.1940040,515.523,-7.31,-22.51,12.02,0.424,0.573,0.12,3,15
2015-09-14T12:53:32.80Z,35.0199764,-79.1940527,512.946,-8.73,-22.27,12.53,0.423,0.574,0.12,3,15
2015-09-14T12:53:33.00Z,35.0199584,-79.1941008,510.307,-9.94,-22.08,12.90,0.423,0.574,0.12,3,15
2015-09-14T12:53:33.20Z,35.0199384,-79.1941486,507.642,-11.03,-21.88,13.12,0.423,0.576,0.12,3,15
2015-09-14T12:53:33.40Z,35.0199167,-79.1941963,504.956,-11.98,-21.82,13.24,0.423,0.577,0.12,3,15
2015-09-14T12:53:33.60Z,35.0198934,-79.1942439,502.252,-12.85,-21.77,13.36,0.423,0.577,0.12,3,15
2015-09-14T12:53:33.80Z,35.0198688,-79.1942913,499.545,-13.56,-21.72,13.40,0.423,0.578,0.12,3,15
2015-09-14T12:53:34.00Z,35.0198432,-79.1943386,496.868,-14.11,-21.61,13.36,0.422,0.578,0.12,3,15
2015-09-14T12:53:34.20Z,35.0198171,-79.1943864,494.211,-14.42,-21.80,13.28,0.422,0.578,0.11,3,15
2015-09-14T12:53:34.40Z,35.0197908,-79.1944346,491.606,-14.55,-22.02,13.06,0.422,0.577,0.11,3,15
2015-09-14T12:53:34.60Z,35.0197643,-79.1944832,489.063,-14.63,-22.16,12.81,0.422,0.577,0.11,3,15
2015-09-14T12:53:34.80Z,35.0197378,-79.1945322,486.588,-14.67,-22.33,12.50,0.421,0.577,0.11,3,15
2015-09-14T12:53:35.00Z,35.0197115,-79.1945815,484.162,-14.55,-22.51,12.24,0.421,0.576,0.11,3,15
2015-09-14T12:53:35.20Z,35.0196855,-79.1946313,481.788,-14.41,-22.67,11.98,0.420,0.576,0.11,3,15
2015-09-14T12:53:35.40Z,35.0196597,-79.1946815,479.451,-14.31,-22.88,11.76,0.420,0.575,0.11,3,15
2015-09-14T12:53:35.60Z,35.0196344,-79.1947321,477.135,-14.03,-23.06,11.60,0.419,0.574,0.11,3,15
2015-09-14T12:53:35.80Z,35.0196091,-79.1947826,474.875,-14.01,-23.03,11.39,0.419,0.574,0.12,3,15
2015-09-14T12:53:36.00Z,35.0195839,-79.1948331,472.643,-14.01,-23.04,11.24,0.419,0.574,0.12,3,15
2015-09-14T12:53:36.20Z,35.0195585,-79.1948837,470.441,-14.07,-23.05,11.08,0.419,0.573,0.12,3,15
2015-09-14T12:53:36.40Z,35.0195331,-79.1949344,468.260,-14.05,-23.13,10.92,0.418,0.572,0.12,3,15
2015-09-14T12:53:36.60Z,35.0195079,-79.1949852,466.112,-13.98,-23.15,10.73,0.418,0.572,0.12,3,15
2015-09-14T12:53:36.80Z,35.0194828,-79.1950360,463.995,-13.97,-23.15,10.59,0.418,0.571,0.11,3,15
2015-09-14T12:53:37.00Z,35.0194575,-79.1950865,461.918,-14.01,-23.07,10.41,0.417,0.571,0.11,3,15
2015-09-14T12:53:37.20Z,35.0194321,-79.1951369,459.866,-14.08,-23.00,10.28,0.417,0.571,0.11,3,15
2015-09-14T12:53:37.40Z,35.0194064,-79.1951869,457.849,-14.30,-22.81,10.10,0.417,0.571,0.11,3,15
2015-09-14T12:53:37.60Z,35.0193802,-79.1952366,455.858,-14.49,-22.62,9.94,0.417,0.570,0.11,3,15
2015-09-14T12:53:37.80Z,35.0193540,-79.1952860,453.898,-14.56,-22.55,9.81,0.416,0.570,0.11,3,15
2015-09-14T12:53:38.00Z,35.0193275,-79.1953354,451.970,-14.66,-22.51,9.70,0.416,0.570,0.11,3,15
2015-09-14T12:53:38.20Z,35.0193008,-79.1953845,450.049,-14.82,-22.36,9.63,0.416,0.570,0.11,3,15
2015-09-14T12:53:38.40Z,35.0192739,-79.1954332,448.148,-14.95,-22.21,9.51,0.415,0.570,0.11,3,15
2015-09-14T12:53:38.60Z,35.0192468,-79.1954815,446.273,-15.00,-22.06,9.38,0.415,0.569,0.11,3,15
2015-09-14T12:53:38.80Z,35.0192197,-79.1955295,444.433,-15.06,-21.91,9.22,0.415,0.568,0.11,3,15
2015-09-14T12:53:39.00Z,35.0191922,-79.1955772,442.605,-15.22,-21.74,9.12,0.414,0.568,0.11,3,15
2015-09-14T12:53:39.20Z,35.0191644,-79.1956244,440.789,-15.41,-21.53,9.06,0.414,0.568,0.11,3,15
2015-09-14T12:53:39.40Z,35.0191365,-79.1956713,438.997,-15.54,-21.35,9.02,0.414,0.568,0.12,3,15
2015-09-14T12:53:39.60Z,35.0191079,-79.1957174,437.216,-15.84,-21.03,8.92,0.414,0.568,0.12,3,15
2015-09-14T12:53:39.80Z,35.0190789,-79.1957630,435.427,-16.11,-20.76,8.92,0.414,0.568,0.12,3,15
2015-09-14T12:53:40.00Z,35.0190493,-79.1958078,433.630,-16.45,-20.41,8.98,0.414,0.568,0.12,3,15
2015-09-14T12:53:40.20Z,35.0190188,-79.1958521,431.804,-16.89,-20.20,9.07,0.414,0.569,0.12,3,15
2015-09-14T12:53:40.40Z,35.0189877,-79.1958958,429.960,-17.29,-19.95,9.11,0.414,0.569,0.12,3,15
2015-09-14T12:53:40.60Z,35.0189562,-79.1959392,428.096,-17.51,-19.75,9.25,0.414,0.570,0.12,3,15
2015-09-14T12:53:40.80Z,35.0189242,-79.1959817,426.210,-17.72,-19.41,9.36,0.414,0.570,0.12,3,15
2015-09-14T12:53:41.00Z,35.0188920,-79.1960238,424.308,-17.89,-19.18,9.41,0.414,0.571,0.12,3,15
2015-09-14T12:53:41.20Z,35.0188595,-79.1960653,422.391,-18.01,-18.98,9.44,0.413,0.570,0.11,3,15
2015-09-14T12:53:41.40Z,35.0188267,-79.1961066,420.498,-18.18,-18.84,9.41,0.413,0.570,0.12,3,15
2015-09-14T12:53:41.60Z,35.0187936,-79.1961476,418.631,-18.33,-18.69,9.32,0.413,0.569,0.12,3,15
2015-09-14T12:53:41.80Z,35.0187601,-79.1961880,416.773,-18.55,-18.48,9.21,0.412,0.569,0.12,3,15
2015-09-14T12:53:42.00Z,35.0187261,-79.1962278,414.919,-18.85,-18.17,9.20,0.412,0.568,0.12,3,15
2015-09-14T12:53:42.20Z,35.0186914,-79.1962667,413.042,-19.25,-17.79,9.28,0.412,0.568,0.12,3,15
2015-09-14T12:53:42.40Z,35.0186560,-79.1963050,411.171,-19.62,-17.50,9.33,0.411,0.568,0.12,3,15
2015-09-14T12:53:42.60Z,35.0186198,-79.1963419,409.264,-20.02,-16.84,9.47,0.411,0.568,0.12,3,15
2015-09-14T12:53:42.80Z,35.0185829,-79.1963776,407.328,-20.45,-16.34,9.61,0.411,0.569,0.12,3,15
2015-09-14T12:53:43.00Z,35.0185451,-79.1964121,405.354,-20.97,-15.74,9.78,0.412,0.570,0.12,3,15
2015-09-14T12:53:43.20Z,35.0185064,-79.1964452,403.354,-21.46,-15.14,9.93,0.412,0.571,0.12,3,15
2015-09-14T12:53:43.40Z,35.0184666,-79.1964765,401.340,-22.07,-14.33,9.99,0.412,0.572,0.12,3,15
2015-09-14T12:53:43.60Z,35.0184257,-79.1965057,399.337,-22.67,-13.35,10.00,0.412,0.573,0.12,3,15
2015-09-14T12:53:43.80Z,35.0183837,-79.1965321,397.309,-23.27,-12.09,10.09,0.412,0.574,0.12,3,15
2015-09-14T12:53:44.00Z,35.0183408,-79.1965556,395.252,-23.79,-10.73,10.28,0.412,0.574,0.12,3,15
2015-09-14T12:53:44.20Z,35.0182970,-79.1965759,393.141,-24.26,-9.30,10.52,0.412,0.575,0.12,3,15
2015-09-14T12:53:44.40Z,35.0182528,-79.1965928,390.957,-24.52,-7.73,10.84,0.412,0.576,0.13,3,15
2015-09-14T12:53:44.60Z,35.0182083,-79.1966055,388.636,-24.64,-5.84,11.48,0.412,0.576,0.13,3,15
2015-09-14T12:53:44.80Z,35.0181639,-79.1966139,386.159,-24.58,-3.91,12.16,0.413,0.576,0.14,3,15
2015-09-14T12:53:45.00Z,35.0181202,-79.1966178,383.519,-24.21,-1.90,12.89,0.413,0.577,0.15,3,15
2015-09-14T12:53:45.20Z,35.0180774,-79.1966175,380.726,-23.71,0.08,13.65,0.414,0.579,0.15,3,15
2015-09-14T12:53:45.40Z,35.0180359,-79.1966127,377.772,-23.00,2.07,14.39,0.414,0.580,0.16,3,15
2015-09-14T12:53:45.60Z,35.0179961,-79.1966036,374.676,-22.05,4.03,15.12,0.415,0.581,0.16,3,15
2015-09-14T12:53:45.80Z,35.0179584,-79.1965903,371.458,-20.92,5.94,15.71,0.415,0.583,0.16,3,15
2015-09-14T12:53:46.00Z,35.0179227,-79.1965731,368.123,-19.78,7.76,16.31,0.415,0.583,0.16,3,15
2015-09-14T12:53:46.20Z,35.0178893,-79.1965522,364.738,-18.47,9.46,16.64,0.416,0.584,0.16,3,15
2015-09-14T12:53:46.40Z,35.0178584,-79.1965279,361.346,-17.15,11.02,16.80,0.416,0.585,0.16,3,15
2015-09-14T12:53:46.60Z,35.0178296,-79.1965006,357.979,-15.94,12.42,16.76,0.416,0.586,0.17,3,15
2015-09-14T12:53:46.80Z,35.0178030,-79.1964704,354.676,-14.78,13.71,16.52,0.417,0.587,0.17,3,15
2015-09-14T12:53:47.00Z,35.0177780,-79.1964378,351.463,-13.83,14.84,16.17,0.418,0.588,0.17,3,15
2015-09-14T12:53:47.20Z,35.0177547,-79.1964030,348.346,-12.92,15.86,15.70,0.418,0.588,0.17,3,15
2015-09-14T12:53:47.40Z,35.0177329,-79.1963663,345.352,-12.12,16.76,15.17,0.418,0.589,0.17,3,15
2015-09-14T12:53:47.60Z,35.0177121,-79.1963280,342.527,-11.57,17.48,14.43,0.419,0.589,0.17,3,15
2015-09-14T12:53:47.80Z,35.0176918,-79.1962887,339.881,-11.29,17.98,13.59,0.419,0.590,0.17,3,15
2015-09-14T12:53:48.00Z,35.0176718,-79.1962486,337.407,-11.11,18.33,12.79,0.419,0.590,0.17,3,15
2015-09-14T12:53:48.20Z,35.0176519,-79.1962080,335.109,-11.01,18.58,11.97,0.419,0.590,0.16,3,15
2015-09-14T12:53:48.40Z,35.0176321,-79.1961671,332.962,-11.00,18.74,11.19,0.418,0.590,0.16,3,15
2015-09-14T12:53:48.60Z,35.0176120,-79.1961258,330.963,-11.15,18.86,10.42,0.418,0.589,0.16,3,15
2015-09-14T12:53:48.80Z,35.0175914,-79.1960845,329.147,-11.42,18.93,9.49,0.417,0.588,0.15,3,15
2015-09-14T12:53:49.00Z,35.0175707,-79.1960431,327.623,-11.48,18.91,8.16,0.417,0.587,0.15,3,15
2015-09-14T12:53:49.20Z,35.0175498,-79.1960023,326.392,-11.54,18.70,6.75,0.417,0.586,0.15,3,15
2015-09-14T12:53:49.40Z,35.0175289,-79.1959626,325.446,-11.62,18.24,5.39,0.416,0.586,0.15,3,15
2015-09-14T12:53:49.60Z,35.0175079,-79.1959237,324.717,-11.59,17.84,4.28,0.416,0.585,0.15,3,15
2015-09-14T12:53:49.80Z,35.0174872,-79.1958860,324.206,-11.50,17.28,3.13,0.415,0.584,0.14,3,15
2015-09-14T12:53:50.00Z,35.0174670,-79.1958500,323.925,-11.19,16.53,1.94,0.415,0.583,0.14,3,15
2015-09-14T12:53:50.20Z,35.0174474,-79.1958158,323.835,-10.82,15.68,0.92,0.414,0.583,0.14,3,15
2015-09-14T12:53:50.40Z,35.0174287,-79.1957836,323.898,-10.39,14.79,0.09,0.414,0.582,0.14,3,15
2015-09-14T12:53:50.60Z,35.0174108,-79.1957534,324.089,-9.92,13.86,-0.58,0.413,0.581,0.13,3,15
2015-09-14T12:53:50.80Z,35.0173937,-79.1957256,324.368,-9.44,12.78,-1.11,0.413,0.580,0.13,3,15
2015-09-14T12:53:51.00Z,35.0173779,-79.1957003,324.715,-8.78,11.56,-1.51,0.413,0.580,0.13,3,15
2015-09-14T12:53:51.20Z,35.0173632,-79.1956776,325.090,-8.09,10.43,-1.71,0.412,0.579,0.13,3,15
2015-09-14T12:53:51.40Z,35.0173495,-79.1956564,325.390,-7.60,9.69,-1.45,0.412,0.578,0.13,3,15
2015-09-14T12:53:51.60Z,35.0173363,-79.1956364,325.495,-7.28,9.11,-0.71,0.412,0.578,0.14,3,15
2015-09-14T12:53:51.80Z,35.0173232,-79.1956167,325.316,-7.24,8.98,0.46,0.412,0.578,0.14,3,15
2015-09-14T12:53:52.00Z,35.0173101,-79.1955967,324.831,-7.18,9.00,1.81,0.412,0.577,0.15,3,15
2015-09-14T12:53:52.20Z,35.0172969,-79.1955766,324.045,-7.23,9.03,3.17,0.412,0.577,0.16,3,15
2015-09-14T12:53:52.40Z,35.0172838,-79.1955566,322.999,-7.22,8.98,4.50,0.412,0.576,0.16,3,15
2015-09-14T12:53:52.60Z,35.0172709,-79.1955367,321.701,-7.07,8.93,5.79,0.412,0.576,0.16,3,15
2015-09-14T12:53:52.80Z,35.0172585,-79.1955168,320.149,-6.84,8.97,7.09,0.412,0.576,0.17,3,15
2015-09-14T12:53:53.00Z,35.0172462,-79.1954968,318.370,-6.75,9.00,8.28,0.413,0.577,0.18,3,15
2015-09-14T12:53:53.20Z,35.0172340,-79.1954766,316.384,-6.70,9.12,9.41,0.413,0.578,0.19,3,15
2015-09-14T12:53:53.40Z,35.0172216,-79.1954560,314.193,-6.77,9.33,10.43,0.414,0.578,0.19,3,15
2015-09-14T12:53:53.60Z,35.0172092,-79.1954347,311.802,-6.79,9.63,11.44,0.414,0.579,0.19,3,15
2015-09-14T12:53:53.80Z,35.0171969,-79.1954127,309.246,-6.76,9.97,12.32,0.414,0.579,0.18,3,15
2015-09-14T12:53:54.00Z,35.0171847,-79.1953897,306.509,-6.70,10.42,13.23,0.414,0.580,0.18,3,15
2015-09-14T12:53:54.20Z,35.0171729,-79.1953659,303.636,-6.46,10.87,13.97,0.415,0.580,0.18,3,15
2015-09-14T12:53:54.40Z,35.0171614,-79.1953408,300.653,-6.34,11.40,14.58,0.415,0.581,0.18,3,15
2015-09-14T12:53:54.60Z,35.0171500,-79.1953144,297.570,-6.26,12.05,15.16,0.416,0.582,0.18,3,15
2015-09-14T12:53:54.80Z,35.0171387,-79.1952866,294.382,-6.22,12.69,15.65,0.417,0.583,0.18,3,15
2015-09-14T12:53:55.00Z,35.0171275,-79.1952575,291.118,-6.18,13.27,16.08,0.417,0.584,0.18,3,15
2015-09-14T12:53:55.20Z,35.0171162,-79.1952271,287.797,-6.22,13.88,16.43,0.418,0.585,0.18,3,15
2015-09-14T12:53:55.40Z,35.0171049,-79.1951954,284.444,-6.24,14.53,16.68,0.419,0.587,0.18,3,15
2015-09-14T12:53:55.60Z,35.0170934,-79.1951621,281.066,-6.31,15.21,16.83,0.420,0.588,0.18,3,15
2015-09-14T12:53:55.80Z,35.0170814,-79.1951274,277.688,-6.59,15.87,16.91,0.421,0.589,0.18,3,15
2015-09-14T12:53:56.00Z,35.0170686,-79.1950915,274.306,-7.02,16.40,16.94,0.421,0.590,0.18,3,15
2015-09-14T12:53:56.20Z,35.0170550,-79.1950545,270.931,-7.49,16.91,16.94,0.422,0.590,0.18,3,15
2015-09-14T12:53:56.40Z,35.0170401,-79.1950165,267.580,-8.18,17.38,16.84,0.422,0.592,0.17,3,15
2015-09-14T12:53:56.60Z,35.0170235,-79.1949778,264.219,-9.15,17.72,16.81,0.422,0.593,0.17,3,15
2015-09-14T12:53:56.80Z,35.0170050,-79.1949387,260.865,-10.20,17.87,16.80,0.423,0.595,0.17,3,15
2015-09-14T12:53:57.00Z,35.0169844,-79.1948994,257.499,-11.37,17.94,16.81,0.423,0.596,0.17,3,15
2015-09-14T12:53:57.20Z,35.0169615,-79.1948604,254.119,-12.70,17.81,16.88,0.424,0.598,0.17,3,15
2015-09-14T12:53:57.40Z,35.0169361,-79.1948221,250.729,-14.08,17.48,17.02,0.425,0.600,0.17,3,15
2015-09-14T12:53:57.60Z,35.0169086,-79.1947845,247.284,-15.27,17.11,17.11,0.426,0.602,0.17,3,15
2015-09-14T12:53:57.80Z,35.0168785,-79.1947498,243.744,-16.71,15.84,17.53,0.426,0.602,0.16,3,15
2015-09-14T12:53:58.00Z,35.0168457,-79.1947166,240.130,-18.17,15.21,17.94,0.427,0.602,0.16,3,15
2015-09-14T12:53:58.20Z,35.0168097,-79.1946857,236.390,-19.95,14.06,18.55,0.427,0.603,0.17,3,15
2015-09-14T12:53:58.40Z,35.0167719,-79.1946597,232.376,-20.97,11.81,19.66,0.428,0.602,0.17,3,15
2015-09-14T12:53:58.60Z,35.0167335,-79.1946385,228.110,-21.25,9.59,20.80,0.430,0.604,0.17,3,15
2015-09-14T12:53:58.80Z,35.0166957,-79.1946226,223.584,-21.02,7.18,22.04,0.432,0.606,0.18,3,15
2015-09-14T12:53:59.00Z,35.0166597,-79.1946115,218.757,-20.01,4.94,23.42,0.434,0.607,0.18,3,15
2015-09-14T12:53:59.20Z,35.0166262,-79.1946042,213.506,-18.67,3.12,25.21,0.433,0.607,0.17,3,15
2015-09-14T12:53:59.40Z,35.0165968,-79.1946000,207.999,-16.32,1.75,26.72,0.434,0.607,0.19,3,15
2015-09-14T12:53:59.60Z,35.0165719,-79.1945980,202.159,-13.84,0.76,28.24,0.433,0.607,0.18,3,15
2015-09-14T12:53:59.80Z,35.0165517,-79.1945959,196.181,-11.22,0.85,29.24,0.433,0.607,0.18,3,15
2015-09-14T12:54:00.00Z,35.0165362,-79.1945925,190.053,-8.60,1.52,30.11,0.433,0.607,0.19,3,15
2015-09-14T12:54:00.20Z,35.0165252,-79.1945864,183.790,-6.05,2.75,30.90,0.433,0.606,0.19,3,15
2015-09-14T12:54:00.40Z,35.0165183,-79.1945763,177.451,-3.88,4.54,31.36,0.432,0.607,0.19,3,15
2015-09-14T12:54:00.60Z,35.0165149,-79.1945621,171.148,-1.84,6.49,31.41,0.432,0.607,0.19,3,15
2015-09-14T12:54:00.80Z,35.0165145,-79.1945433,164.923,-0.23,8.61,31.14,0.433,0.607,0.19,3,15
2015-09-14T12:54:01.00Z,35.0165166,-79.1945196,158.859,1.13,10.81,30.55,0.433,0.606,0.19,3,15
2015-09-14T12:54:01.20Z,35.0165212,-79.1944915,152.968,2.53,12.86,29.71,0.433,0.605,0.19,3,15
2015-09-14T12:54:01.40Z,35.0165285,-79.1944597,147.315,4.07,14.61,28.76,0.432,0.604,0.19,3,15
2015-09-14T12:54:01.60Z,35.0165391,-79.1944241,141.944,5.87,16.29,27.39,0.432,0.603,0.19,3,15
2015-09-14T12:54:01.80Z,35.0165525,-79.1943868,136.805,7.44,17.13,26.26,0.432,0.602,0.18,3,15
2015-09-14T12:54:02.00Z,35.0165693,-79.1943483,131.987,9.28,17.70,24.83,0.431,0.600,0.17,3,15
2015-09-14T12:54:02.20Z,35.0165887,-79.1943093,127.379,10.77,17.92,23.61,0.430,0.598,0.16,3,15
2015-09-14T12:54:02.40Z,35.0166114,-79.1942705,123.069,12.50,17.81,22.23,0.429,0.597,0.16,3,15
2015-09-14T12:54:02.60Z,35.0166371,-79.1942332,119.005,14.25,17.20,20.94,0.429,0.596,0.16,3,15
2015-09-14T12:54:02.80Z,35.0166653,-79.1941970,115.204,15.67,16.65,19.63,0.428,0.594,0.16,3,15
2015-09-14T12:54:03.00Z,35.0166965,-79.1941619,111.715,17.28,16.14,18.17,0.428,0.594,0.16,3,15
2015-09-14T12:54:03.20Z,35.0167293,-79.1941272,108.493,18.26,15.92,16.72,0.428,0.594,0.19,3,15
2015-09-14T12:54:03.40Z,35.0167635,-79.1940922,105.719,19.02,16.19,14.81,0.428,0.595,0.18,3,15
2015-09-14T12:54:03.60Z,35.0167983,-79.1940577,103.205,19.39,16.00,13.48,0.429,0.596,0.19,3,15
2015-09-14T12:54:03.80Z,35.0168339,-79.1940237,101.091,19.90,15.87,11.73,0.429,0.598,0.18,3,15
2015-09-14T12:54:04.00Z,35.0168698,-79.1939898,99.259,20.14,15.77,10.16,0.430,0.599,0.18,3,15
2015-09-14T12:54:04.20Z,35.0169057,-79.1939560,97.702,20.16,15.68,8.72,0.430,0.601,0.17,3,15
2015-09-14T12:54:04.40Z,35.0169412,-79.1939229,96.422,19.90,15.38,7.35,0.431,0.602,0.16,3,15
2015-09-14T12:54:04.60Z,35.0169756,-79.1938901,95.429,19.35,15.26,5.97,0.431,0.602,0.15,3,15
2015-09-14T12:54:04.80Z,35.0170093,-79.1938576,94.577,18.90,14.99,4.94,0.431,0.602,0.14,3,15
2015-09-14T12:54:05.00Z,35.0170422,-79.1938258,93.963,18.42,14.72,3.80,0.430,0.601,0.12,3,15
2015-09-14T12:54:05.20Z,35.0170744,-79.1937948,93.501,18.02,14.28,2.88,0.430,0.600,0.11,3,15
2015-09-14T12:54:05.40Z,35.0171059,-79.1937642,93.128,17.53,14.04,2.26,0.430,0.600,0.11,3,15
2015-09-14T12:54:05.60Z,35.0171369,-79.1937346,92.753,17.30,13.48,2.03,0.429,0.599,0.11,3,15
2015-09-14T12:54:05.80Z,35.0171671,-79.1937063,92.464,16.86,12.87,1.60,0.428,0.598,0.11,3,15
2015-09-14T12:54:06.00Z,35.0171965,-79.1936795,92.232,16.42,12.21,1.33,0.428,0.597,0.12,3,15
2015-09-14T12:54:06.20Z,35.0172255,-79.1936536,91.979,16.22,11.81,1.28,0.428,0.596,0.11,3,15
2015-09-14T12:54:06.40Z,35.0172538,-79.1936290,91.822,15.86,11.17,0.87,0.427,0.594,0.11,3,15
2015-09-14T12:54:06.60Z,35.0172814,-79.1936059,91.748,15.37,10.51,0.41,0.426,0.593,0.11,3,15
2015-09-14T12:54:06.80Z,35.0173075,-79.1935840,91.704,14.66,9.96,0.27,0.426,0.591,0.11,3,15
2015-09-14T12:54:07.00Z,35.0173321,-79.1935625,91.681,13.85,9.72,0.16,0.425,0.589,0.11,3,15
2015-09-14T12:54:07.20Z,35.0173554,-79.1935416,91.729,13.04,9.48,-0.12,0.424,0.588,0.10,3,15
2015-09-14T12:54:07.40Z,35.0173771,-79.1935212,91.775,12.20,9.23,-0.22,0.423,0.586,0.12,3,15
2015-09-14T12:54:07.60Z,35.0173983,-79.1935015,91.813,11.86,8.97,-0.16,0.423,0.586,0.12,3,15
2015-09-14T12:54:07.80Z,35.0174189,-79.1934824,91.799,11.54,8.63,-0.02,0.423,0.584,0.11,3,15
2015-09-14T12:54:08.00Z,35.0174390,-79.1934642,91.773,11.23,8.23,0.05,0.422,0.583,0.11,3,15
2015-09-14T12:54:08.20Z,35.0174583,-79.1934472,91.764,10.78,7.74,-0.01,0.422,0.582,0.11,3,15
2015-09-14T12:54:08.40Z,35.0174763,-79.1934313,91.713,10.10,7.21,0.11,0.421,0.581,0.11,3,15
2015-09-14T12:54:08.60Z,35.0174934,-79.1934159,91.643,9.58,6.95,0.25,0.420,0.580,0.11,3,15
2015-09-14T12:54:08.80Z,35.0175094,-79.1934013,91.549,8.93,6.61,0.37,0.420,0.579,0.11,3,15
2015-09-14T12:54:09.00Z,35.0175243,-79.1933877,91.439,8.39,6.19,0.54,0.419,0.578,0.12,3,15
2015-09-14T12:54:09.20Z,35.0175390,-79.1933743,91.226,8.24,6.00,0.89,0.419,0.577,0.11,3,15
2015-09-14T12:54:09.40Z,35.0175523,-79.1933621,90.976,7.44,5.53,1.15,0.418,0.577,0.12,3,15
2015-09-14T12:54:09.60Z,35.0175638,-79.1933511,90.740,6.47,4.95,1.10,0.418,0.576,0.11,3,15
2015-09-14T12:54:09.80Z,35.0175734,-79.1933407,90.590,5.39,4.78,0.86,0.418,0.577,0.13,3,15
2015-09-14T12:54:10.00Z,35.0175827,-79.1933311,90.569,5.19,4.40,0.32,0.418,0.577,0.11,3,15
2015-09-14T12:54:10.20Z,35.0175914,-79.1933224,90.567,4.92,3.99,0.09,0.419,0.578,0.11,3,15
2015-09-14T12:54:10.40Z,35.0175990,-79.1933150,90.602,4.31,3.39,-0.06,0.419,0.578,0.11,3,15
2015-09-14T12:54:10.60Z,35.0176054,-79.1933090,90.569,3.64,2.78,0.17,0.419,0.578,0.11,3,15
2015-09-14T12:54:10.80Z,35.0176109,-79.1933038,90.594,3.14,2.38,-0.08,0.420,0.578,0.11,3,15
2015-09-14T12:54:11.00Z,35.0176160,-79.1932992,90.631,2.88,2.13,-0.13,0.420,0.579,0.11,3,15
2015-09-14T12:54:11.20Z,35.0176197,-79.1932955,90.618,2.16,1.63,-0.01,0.420,0.580,0.11,3,15
2015-09-14T12:54:11.40Z,35.0176222,-79.1932937,90.518,1.44,0.81,0.32,0.420,0.580,0.13,3,15
2015-09-14T12:54:11.60Z,35.0176234,-79.1932922,90.538,0.71,0.65,-0.06,0.420,0.581,0.12,3,15
2015-09-14T12:54:11.80Z,35.0176242,-79.1932906,90.479,0.39,0.68,0.15,0.420,0.582,0.13,3,15
2015-09-14T12:54:12.00Z,35.0176245,-79.1932893,90.402,0.20,0.60,0.35,0.420,0.582,0.15,3,15
2015-09-14T12:54:12.20Z,35.0176247,-79.1932889,90.279,0.10,0.20,0.55,0.420,0.582,0.17,3,15
2015-09-14T12:54:12.40Z,35.0176245,-79.1932888,90.265,-0.16,0.12,0.17,0.421,0.584,0.18,3,15
2015-09-14T12:54:12.60Z,35.0176242,-79.1932884,90.412,-0.20,0.26,-0.44,0.421,0.584,0.15,3,15
2015-09-14T12:54:12.80Z,35.0176239,-79.1932878,90.544,-0.18,0.24,-0.64,0.422,0.585,0.17,3,15
2015-09-14T12:54:13.00Z,35.0176241,-79.1932875,90.622,0.09,0.17,-0.38,0.423,0.589,0.18,3,15
2015-09-14T12:54:13.20Z,35.0176249,-79.1932878,90.648,0.43,-0.12,-0.14,0.425,0.592,0.17,3,15
2015-09-14T12:54:13.40Z,35.0176253,-79.1932887,90.920,0.24,-0.36,-0.75,0.425,0.593,0.20,3,15
2015-09-14T12:54:13.60Z,35.0176248,-79.1932905,91.106,-0.26,-0.85,-0.87,0.426,0.594,0.17,3,15
2015-09-14T12:54:13.80Z,35.0176234,-79.1932928,91.256,-0.76,-1.05,-0.82,0.426,0.595,0.16,3,15
2015-09-14T12:54:14.00Z,35.0176211,-79.1932951,91.423,-1.23,-1.10,-0.80,0.426,0.595,0.14,3,15
2015-09-14T12:54:14.20Z,35.0176191,-79.1932958,91.537,-1.04,-0.35,-0.58,0.426,0.595,0.14,3,15
2015-09-14T12:54:14.40Z,35.0176182,-79.1932963,91.610,-0.52,-0.12,-0.35,0.425,0.595,0.15,3,15
2015-09-14T12:54:14.60Z,35.0176179,-79.1932969,91.652,-0.17,-0.28,-0.22,0.425,0.595,0.17,3,15
2015-09-14T12:54:14.80Z,35.0176181,-79.1932981,91.635,0.07,-0.52,-0.04,0.425,0.596,0.14,3,15
2015-09-14T12:54:15.00Z,35.0176174,-79.1932993,91.722,-0.38,-0.59,-0.32,0.425,0.597,0.16,3,15
2015-09-14T12:54:15.20Z,35.0176165,-79.1933001,91.743,-0.50,-0.50,-0.09,0.425,0.598,0.14,3,15
2015-09-14T12:54:15.40Z,35.0176157,-79.1933009,91.766,-0.40,-0.46,-0.07,0.425,0.599,0.14,3,15
2015-09-14T12:54:15.60Z,35.0176154,-79.1933015,91.778,-0.20,-0.35,-0.02,0.425,0.598,0.13,3,15
2015-09-14T12:54:15.80Z,35.0176154,-79.1933019,91.747,0.07,-0.19,0.01,0.425,0.598,0.12,3,15
2015-09-14T12:54:16.00Z,35.0176159,-79.1933017,91.714,0.24,0.06,-0.02,0.425,0.598,0.13,3,15
2015-09-14T12:54:16.20Z,35.0176167,-79.1933009,91.693,0.49,0.36,-0.01,0.424,0.598,0.13,3,15
2015-09-14T12:54:16.40Z,35.0176176,-79.1932999,91.734,0.58,0.50,-0.07,0.424,0.598,0.12,3,15
2015-09-14T12:54:16.60Z,35.0176184,-79.1932989,91.751,0.47,0.40,-0.03,0.424,0.598,0.12,3,15
2015-09-14T12:54:16.80Z,35.0176190,-79.1932988,91.760,0.32,0.02,-0.01,0.423,0.598,0.13,3,15
2015-09-14T12:54:17.00Z,35.0176191,-79.1932997,91.756,0.17,-0.43,0.02,0.423,0.598,0.12,3,15
2015-09-14T12:54:17.20Z,35.0176195,-79.1933010,91.772,0.24,-0.62,-0.08,0.423,0.599,0.13,3,15
2015-09-14T12:54:17.40Z,35.0176199,-79.1933020,91.740,0.30,-0.39,0.03,0.422,0.599,0.12,3,15
2015-09-14T12:54:17.60Z,35.0176202,-79.1933025,91.721,0.28,-0.22,0.01,0.422,0.599,0.13,3,15
2015-09-14T12:54:17.80Z,35.0176208,-79.1933025,91.716,0.40,-0.03,0.04,0.422,0.600,0.13,3,15
2015-09-14T12:54:18.00Z,35.0176219,-79.1933022,91.723,0.58,0.18,0.03,0.422,0.600,0.13,3,15
2015-09-14T12:54:18.20Z,35.0176232,-79.1933019,91.762,0.74,0.15,-0.04,0.422,0.601,0.13,3,15
2015-09-14T12:54:18.40Z,35.0176242,-79.1933020,91.798,0.56,-0.02,-0.01,0.421,0.600,0.14,3,15
2015-09-14T12:54:18.60Z,35.0176248,-79.1933025,91.812,0.30,-0.18,0.02,0.421,0.601,0.14,3,15
2015-09-14T12:54:18.80Z,35.0176248,-79.1933036,91.833,0.04,-0.47,0.04,0.421,0.601,0.12,3,15
2015-09-14T12:54:19.00Z,35.0176249,-79.1933047,91.843,0.03,-0.43,-0.01,0.421,0.601,0.12,3,15
2015-09-14T12:54:19.20Z,35.0176249,-79.1933058,91.836,-0.04,-0.44,-0.05,0.421,0.602,0.13,3,15
2015-09-14T12:54:19.40Z,35.0176253,-79.1933066,91.820,0.15,-0.26,-0.04,0.421,0.603,0.13,3,15
2015-09-14T12:54:19.60Z,35.0176259,-79.1933070,91.805,0.33,-0.13,0.01,0.421,0.603,0.13,3,15
2015-09-14T12:54:19.80Z,35.0176270,-79.1933070,91.809,0.58,0.03,-0.02,0.420,0.603,0.13,3,15
2015-09-14T12:54:20.00Z,35.0176277,-79.1933071,91.828,0.39,0.00,-0.04,0.420,0.603,0.13,3,15
2015-09-14T12:54:20.20Z,35.0176278,-79.1933072,91.837,0.05,0.00,-0.01,0.419,0.603,0.13,3,15
2015-09-14T12:54:20.40Z,35.0176275,-79.1933074,91.859,-0.18,-0.05,-0.01,0.419,0.601,0.12,3,15
2015-09-14T12:54:20.60Z,35.0176272,-79.1933075,91.874,-0.21,-0.03,0.03,0.418,0.600,0.12,3,15
2015-09-14T12:54:20.80Z,35.0176267,-79.1933078,91.906,-0.29,-0.02,0.02,0.417,0.599,0.12,3,15
2015-09-14T12:54:21.00Z,35.0176262,-79.1933080,91.934,-0.24,-0.03,0.06,0.417,0.598,0.12,3,15
2015-09-14T12:54:21.20Z,35.0176260,-79.1933082,91.964,-0.16,0.00,0.06,0.416,0.597,0.13,3,15
2015-09-14T12:54:21.40Z,35.0176259,-79.1933084,91.979,-0.06,-0.05,0.04,0.415,0.596,0.11,3,15
2015-09-14T12:54:21.60Z,35.0176259,-79.1933086,91.996,-0.01,-0.04,0.02,0.415,0.595,0.10,3,15
2015-09-14T12:54:21.80Z,35.0176260,-79.1933088,92.019,0.03,-0.02,0.01,0.414,0.594,0.13,3,15
2015-09-14T12:54:22.00Z,35.0176260,-79.1933090,92.039,-0.02,0.01,0.00,0.414,0.593,0.13,3,15
2015-09-14T12:54:22.20Z,35.0176260,-79.1933091,92.060,-0.02,-0.01,-0.01,0.413,0.592,0.12,3,15
2015-09-14T12:54:22.40Z,35.0176260,-79.1933093,92.078,-0.04,-0.02,0.02,0.412,0.591,0.12,3,15
2015-09-14T12:54:22.60Z,35.0176258,-79.1933094,92.094,-0.14,0.01,0.01,0.412,0.590,0.13,3,15
2015-09-14T12:54:22.80Z,35.0176256,-79.1933096,92.106,-0.13,-0.02,0.03,0.411,0.588,0.12,3,15
2015-09-14T12:54:23.00Z,35.0176257,-79.1933096,92.107,0.02,0.06,0.01,0.411,0.588,0.11,3,15
2015-09-14T12:54:23.20Z,35.0176259,-79.1933095,92.129,0.05,0.15,-0.06,0.411,0.588,0.10,3,15
2015-09-14T12:54:23.40Z,35.0176260,-79.1933097,92.125,0.02,0.00,0.06,0.411,0.588,0.17,3,15
2015-09-14T12:54:23.60Z,35.0176261,-79.1933100,92.118,-0.01,-0.07,0.04,0.410,0.588,0.11,3,15
2015-09-14T12:54:23.80Z,35.0176261,-79.1933101,92.119,-0.02,0.05,0.00,0.410,0.588,0.13,3,15
2015-09-14T12:54:24.00Z,35.0176261,-79.1933101,92.119,-0.05,0.09,-0.02,0.410,0.588,0.12,3,15
2015-09-14T12:54:24.20Z,35.0176261,-79.1933099,92.138,-0.01,0.17,-0.06,0.410,0.589,0.11,3,15
2015-09-14T12:54:24.40Z,35.0176263,-79.1933100,92.155,0.08,0.07,0.00,0.409,0.588,0.11,3,15
2015-09-14T12:54:24.60Z,35.0176266,-79.1933101,92.166,0.15,0.02,0.04,0.409,0.588,0.13,3,15
2015-09-14T12:54:24.80Z,35.0176269,-79.1933104,92.170,0.10,-0.02,0.05,0.409,0.588,0.14,3,15
2015-09-14T12:54:25.00Z,35.0176270,-79.1933105,92.179,0.05,0.00,0.02,0.409,0.588,0.14,3,15
2015-09-14T12:54:25.20Z,35.0176271,-79.1933107,92.189,0.02,-0.03,0.03,0.409,0.589,0.14,3,15
2015-09-14T12:54:25.40Z,35.0176272,-79.1933108,92.203,0.04,-0.01,0.03,0.409,0.590,0.14,3,15
2015-09-14T12:54:25.60Z,35.0176272,-79.1933109,92.217,0.00,-0.01,0.04,0.409,0.590,0.16,3,15
2015-09-14T12:54:25.80Z,35.0176273,-79.1933109,92.228,0.03,0.00,0.08,0.409,0.591,0.17,3,15
2015-09-14T12:54:26.00Z,35.0176273,-79.1933110,92.245,0.01,-0.01,0.05,0.410,0.592,0.16,3,15
2015-09-14T12:54:26.20Z,35.0176273,-79.1933109,92.265,-0.02,0.04,0.04,0.410,0.593,0.17,3,15
2015-09-14T12:54:26.40Z,35.0176273,-79.1933109,92.288,0.02,0.06,0.02,0.410,0.594,0.13,3,15
2015-09-14T12:54:26.60Z,35.0176273,-79.1933107,92.311,0.00,0.09,-0.03,0.410,0.594,0.10,3,15
2015-09-14T12:54:26.80Z,35.0176273,-79.1933103,92.344,0.00,0.17,-0.07,0.411,0.595,0.11,3,15
2015-09-14T12:54:27.00Z,35.0176274,-79.1933095,92.379,0.04,0.41,-0.05,0.411,0.595,0.12,3,15
2015-09-14T12:54:27.20Z,35.0176276,-79.1933086,92.397,0.12,0.38,0.01,0.412,0.595,0.12,3,14
2015-09-14T12:54:27.40Z,35.0176279,-79.1933081,92.390,0.22,0.26,0.10,0.413,0.596,0.13,3,14
2015-09-14T12:54:27.60Z,35.0176280,-79.1933079,92.384,0.07,0.11,0.09,0.413,0.596,0.15,3,15
2015-09-14T12:54:27.80Z,35.0176280,-79.1933080,92.385,0.01,-0.05,0.01,0.413,0.596,0.13,3,15
2015-09-14T12:54:28.00Z,35.0176279,-79.1933082,92.385,-0.08,-0.13,0.01,0.414,0.596,0.11,3,15
2015-09-14T12:54:28.20Z,35.0176277,-79.1933084,92.380,-0.10,-0.10,0.00,0.414,0.596,0.12,3,15
2015-09-14T12:54:28.40Z,35.0176276,-79.1933082,92.383,-0.05,0.07,0.01,0.415,0.596,0.15,3,15
2015-09-14T12:54:28.60Z,35.0176273,-79.1933082,92.390,-0.12,0.01,0.02,0.415,0.596,0.14,3,15
2015-09-14T12:54:28.80Z,35.0176273,-79.1933083,92.398,-0.01,-0.07,0.00,0.416,0.596,0.13,3,15
2015-09-14T12:54:29.00Z,35.0176273,-79.1933083,92.410,0.02,-0.02,0.00,0.417,0.596,0.15,3,15
2015-09-14T12:54:29.20Z,35.0176274,-79.1933083,92.426,0.08,0.02,-0.01,0.418,0.597,0.13,3,15
2015-09-14T12:54:29.40Z,35.0176278,-79.1933085,92.441,0.21,-0.10,0.01,0.418,0.597,0.16,3,15
2015-09-14T12:54:29.60Z,35.0176289,-79.1933087,92.453,0.56,-0.08,0.05,0.419,0.597,0.15,3,15
2015-09-14T12:54:29.80Z,35.0176299,-79.1933094,92.473,0.50,-0.30,0.00,0.420,0.597,0.15,3,15
2015-09-14T12:54:30.00Z,35.0176304,-79.1933101,92.430,0.20,-0.33,0.14,0.420,0.597,0.14,3,15
2015-09-14T12:54:30.20Z,35.0176303,-79.1933106,92.407,-0.15,-0.21,0.05,0.420,0.596,0.10,3,15
2015-09-14T12:54:30.40Z,35.0176304,-79.1933107,92.381,-0.03,-0.01,0.02,0.420,0.596,0.12,3,15
2015-09-14T12:54:30.60Z,35.0176308,-79.1933105,92.369,0.14,0.09,0.01,0.420,0.595,0.11,3,15
2015-09-14T12:54:30.80Z,35.0176310,-79.1933103,92.340,0.09,0.10,0.05,0.420,0.595,0.13,3,15
2015-09-14T12:54:31.00Z,35.0176313,-79.1933104,92.293,0.08,-0.05,0.09,0.420,0.595,0.16,3,15
2015-09-14T12:54:31.20Z,35.0176316,-79.1933104,92.267,0.13,0.00,0.03,0.421,0.595,0.14,3,15
2015-09-14T12:54:31.40Z,35.0176316,-79.1933103,92.246,0.02,0.04,0.03,0.421,0.595,0.15,3,15
2015-09-14T12:54:31.60Z,35.0176316,-79.1933104,92.225,-0.04,-0.02,0.02,0.421,0.594,0.12,3,15
2015-09-14T12:54:31.80Z,35.0176318,-79.1933107,92.201,0.07,-0.10,0.04,0.421,0.593,0.14,3,15
2015-09-14T12:54:32.00Z,35.0176318,-79.1933106,92.195,0.02,0.06,0.00,0.421,0.593,0.11,3,15
2015-09-14T12:54:32.20Z,35.0176320,-79.1933104,92.191,0.10,0.11,-0.03,0.421,0.592,0.10,3,15
2015-09-14T12:54:32.40Z,35.0176321,-79.1933102,92.182,0.04,0.09,-0.02,0.421,0.592,0.11,3,15
2015-09-14T12:54:32.60Z,35.0176322,-79.1933099,92.163,0.05,0.15,-0.03,0.421,0.591,0.11,3,15
2015-09-14T12:54:32.80Z,35.0176321,-79.1933097,92.153,-0.05,0.10,-0.04,0.421,0.590,0.14,3,15
2015-09-14T12:54:33.00Z,35.0176320,-79.1933095,92.156,-0.03,0.07,-0.04,0.420,0.590,0.13,3,15
2015-09-14T12:54:33.20Z,35.0176319,-79.1933094,92.150,-0.03,0.05,-0.03,0.420,0.589,0.14,3,15
2015-09-14T12:54:33.40Z,35.0176317,-79.1933094,92.148,-0.10,0.02,-0.02,0.420,0.589,0.14,3,15
2015-09-14T12:54:33.60Z,35.0176316,-79.1933094,92.141,-0.04,0.02,-0.02,0.419,0.588,0.15,3,15
2015-09-14T12:54:33.80Z,35.0176316,-79.1933095,92.125,-0.03,-0.04,0.03,0.419,0.588,0.11,3,15
2015-09-14T12:54:34.00Z,35.0176316,-79.1933096,92.107,0.02,-0.05,0.02,0.418,0.587,0.13,3,15
2015-09-14T12:54:34.20Z,35.0176317,-79.1933096,92.092,0.03,-0.01,0.04,0.418,0.586,0.16,3,15
2015-09-14T12:54:34.40Z,35.0176318,-79.1933095,92.087,0.03,0.02,0.02,0.418,0.586,0.15,3,15
2015-09-14T12:54:34.60Z,35.0176318,-79.1933097,92.079,-0.01,-0.05,0.04,0.417,0.585,0.12,3,15
2015-09-14T12:54:34.80Z,35.0176318,-79.1933098,92.077,0.01,-0.06,0.02,0.417,0.585,0.12,3,15
2015-09-14T12:54:35.00Z,35.0176318,-79.1933099,92.074,-0.02,-0.03,0.01,0.416,0.584,0.10,3,15
2015-09-14T12:54:35.20Z,35.0176317,-79.1933100,92.076,-0.04,-0.03,0.01,0.416,0.584,0.10,3,15
2015-09-14T12:54:35.40Z,35.0176318,-79.1933102,92.078,-0.01,-0.04,0.06,0.416,0.583,0.13,3,15
2015-09-14T12:54:35.60Z,35.0176318,-79.1933104,92.076,-0.03,-0.08,-0.01,0.416,0.582,0.12,3,15
2015-09-14T12:54:35.80Z,35.0176318,-79.1933108,92.079,-0.03,-0.12,0.01,0.415,0.582,0.11,3,15
2015-09-14T12:54:36.00Z,35.0176318,-79.1933109,92.080,-0.03,-0.01,-0.02,0.415,0.581,0.14,3,15
2015-09-14T12:54:36.20Z,35.0176319,-79.1933109,92.079,-0.01,0.01,-0.01,0.414,0.580,0.13,3,15
2015-09-14T12:54:36.40Z,35.0176319,-79.1933110,92.079,0.00,0.01,-0.01,0.414,0.580,0.14,3,15
2015-09-14T12:54:36.60Z,35.0176320,-79.1933110,92.077,0.02,0.02,0.01,0.413,0.579,0.12,3,15
2015-09-14T12:54:36.80Z,35.0176321,-79.1933110,92.085,0.00,0.04,-0.04,0.413,0.578,0.12,3,15
2015-09-14T12:54:37.00Z,35.0176321,-79.1933110,92.094,-0.03,0.06,-0.05,0.412,0.577,0.13,3,15
2015-09-14T12:54:37.20Z,35.0176321,-79.1933110,92.101,-0.03,0.03,-0.02,0.412,0.577,0.14,3,15
2015-09-14T12:54:37.40Z,35.0176321,-79.1933111,92.099,0.00,0.01,0.01,0.412,0.576,0.16,3,15
2015-09-14T12:54:37.60Z,35.0176322,-79.1933112,92.098,0.03,0.00,0.02,0.411,0.576,0.15,3,15
2015-09-14T12:54:37.80Z,35.0176323,-79.1933112,92.108,0.02,0.02,-0.01,0.411,0.575,0.10,3,15
2015-09-14T12:54:38.00Z,35.0176323,-79.1933112,92.110,-0.01,0.07,-0.02,0.411,0.575,0.12,3,15
2015-09-14T12:54:38.20Z,35.0176323,-79.1933113,92.111,-0.02,0.01,0.02,0.410,0.574,0.15,3,15
2015-09-14T12:54:38.40Z,35.0176323,-79.1933114,92.115,0.00,0.02,0.02,0.410,0.574,0.17,3,15
2015-09-14T12:54:38.60Z,35.0176323,-79.1933115,92.122,-0.03,-0.01,0.00,0.410,0.574,0.12,3,15
2015-09-14T12:54:38.80Z,35.0176322,-79.1933115,92.123,-0.02,0.01,0.00,0.410,0.573,0.14,3,15
2015-09-14T12:54:39.00Z,35.0176322,-79.1933116,92.130,-0.01,0.00,-0.03,0.410,0.573,0.17,3,15
2015-09-14T12:54:39.20Z,35.0176322,-79.1933117,92.137,-0.02,0.00,-0.01,0.409,0.572,0.14,3,15
2015-09-14T12:54:39.40Z,35.0176322,-79.1933118,92.133,0.02,-0.03,0.01,0.409,0.572,0.14,3,15
2015-09-14T12:54:39.60Z,35.0176323,-79.1933120,92.145,0.11,-0.03,0.00,0.409,0.572,0.14,3,15
2015-09-14T12:54:39.80Z,35.0176324,-79.1933120,92.152,0.07,0.02,0.00,0.408,0.571,0.12,3,15
2015-09-14T12:54:40.00Z,35.0176326,-79.1933120,92.164,0.10,0.03,-0.04,0.408,0.571,0.12,3,15
2015-09-14T12:54:40.20Z,35.0176328,-79.1933113,92.209,0.09,0.34,-0.17,0.408,0.571,0.11,3,15
2015-09-14T12:54:40.40Z,35.0176329,-79.1933108,92.215,0.08,0.24,0.00,0.408,0.570,0.12,3,15
2015-09-14T12:54:40.60Z,35.0176330,-79.1933108,92.211,0.06,0.03,0.03,0.408,0.570,0.14,3,15
2015-09-14T12:54:40.80Z,35.0176330,-79.1933110,92.211,-0.02,-0.06,0.00,0.409,0.571,0.11,3,15
2015-09-14T12:54:41.00Z,35.0176330,-79.1933112,92.212,-0.04,-0.07,-0.02,0.409,0.571,0.13,3,15
2015-09-14T12:54:41.20Z,35.0176329,-79.1933113,92.219,-0.04,-0.03,0.00,0.409,0.571,0.12,3,15
2015-09-14T12:54:41.40Z,35.0176328,-79.1933114,92.221,-0.08,-0.05,0.00,0.409,0.572,0.12,3,15
2015-09-14T12:54:41.60Z,35.0176328,-79.1933115,92.221,-0.01,-0.02,0.04,0.409,0.572,0.14,3,15
2015-09-14T12:54:41.80Z,35.0176329,-79.1933115,92.224,0.02,0.01,0.00,0.409,0.572,0.13,3,15
2015-09-14T12:54:42.00Z,35.0176329,-79.1933116,92.234,-0.01,-0.05,-0.02,0.409,0.572,0.15,3,15
2015-09-14T12:54:42.20Z,35.0176329,-79.1933112,92.233,-0.04,0.16,0.01,0.409,0.572,0.14,3,15
2015-09-14T12:54:42.40Z,35.0176329,-79.1933111,92.241,0.01,0.09,0.03,0.409,0.573,0.15,3,15
2015-09-14T12:54:42.60Z,35.0176330,-79.1933108,92.237,0.02,0.15,0.03,0.409,0.573,0.14,3,15
2015-09-14T12:54:42.80Z,35.0176330,-79.1933109,92.223,-0.04,-0.01,0.07,0.410,0.573,0.15,3,15
2015-09-14T12:54:43.00Z,35.0176330,-79.1933110,92.213,-0.03,-0.05,0.06,0.410,0.573,0.12,3,15
2015-09-14T12:54:43.20Z,35.0176331,-79.1933112,92.199,-0.05,-0.08,0.03,0.411,0.574,0.11,3,15
2015-09-14T12:54:43.40Z,35.0176333,-79.1933114,92.195,0.07,-0.06,-0.01,0.412,0.574,0.16,3,15
2015-09-14T12:54:43.60Z,35.0176335,-79.1933116,92.176,0.08,-0.10,0.01,0.412,0.575,0.15,3,15
2015-09-14T12:54:43.80Z,35.0176335,-79.1933116,92.165,-0.06,-0.01,0.00,0.412,0.576,0.13,3,15
2015-09-14T12:54:44.00Z,35.0176336,-79.1933115,92.167,0.01,0.02,-0.02,0.413,0.576,0.11,3,15
2015-09-14T12:54:44.20Z,35.0176336,-79.1933115,92.155,-0.01,0.01,0.03,0.413,0.577,0.18,3,15
2015-09-14T12:54:44.40Z,35.0176337,-79.1933112,92.158,0.03,0.14,0.00,0.413,0.577,0.12,3,15
2015-09-14T12:54:44.60Z,35.0176339,-79.1933109,92.153,0.08,0.10,-0.01,0.413,0.578,0.11,3,15
2015-09-14T12:54:44.80Z,35.0176341,-79.1933106,92.151,0.08,0.17,0.00,0.414,0.579,0.12,3,15
2015-09-14T12:54:45.00Z,35.0176342,-79.1933106,92.145,0.06,0.05,0.06,0.415,0.579,0.16,3,15
2015-09-14T12:54:45.20Z,35.0176343,-79.1933106,92.145,0.00,0.00,0.02,0.416,0.580,0.17,3,15
2015-09-14T12:54:45.40Z,35.0176343,-79.1933107,92.144,-0.04,-0.04,-0.01,0.416,0.580,0.12,3,15
2015-09-14T12:54:45.60Z,35.0176343,-79.1933108,92.147,-0.04,-0.03,-0.04,0.417,0.580,0.16,3,15
2015-09-14T12:54:45.80Z,35.0176343,-79.1933108,92.148,0.00,-0.02,-0.03,0.417,0.581,0.18,3,15
2015-09-14T12:54:46.00Z,35.0176344,-79.1933106,92.139,0.01,0.07,0.03,0.418,0.581,0.15,3,15
2015-09-14T12:54:46.20Z,35.0176344,-79.1933106,92.137,0.04,0.01,0.02,0.419,0.582,0.15,3,15
2015-09-14T12:54:46.40Z,35.0176345,-79.1933105,92.140,0.03,0.06,0.02,0.419,0.583,0.13,3,15
2015-09-14T12:54:46.60Z,35.0176346,-79.1933106,92.147,0.03,-0.02,0.00,0.420,0.583,0.16,3,15
2015-09-14T12:54:46.80Z,35.0176347,-79.1933107,92.155,0.02,-0.02,0.00,0.420,0.583,0.16,3,15
2015-09-14T12:54:47.00Z,35.0176348,-79.1933108,92.150,0.04,-0.05,-0.02,0.421,0.584,0.17,3,15
2015-09-14T12:54:47.20Z,35.0176348,-79.1933109,92.150,-0.02,-0.05,-0.01,0.422,0.584,0.13,3,15
2015-09-14T12:54:47.40Z,35.0176348,-79.1933110,92.150,-0.02,0.00,-0.01,0.422,0.584,0.15,3,15
2015-09-14T12:54:47.60Z,35.0176348,-79.1933111,92.147,0.00,-0.01,-0.01,0.423,0.584,0.18,3,15
2015-09-14T12:54:47.80Z,35.0176349,-79.1933112,92.151,0.01,0.00,-0.02,0.423,0.585,0.18,3,15
2015-09-14T12:54:48.00Z,35.0176349,-79.1933113,92.155,-0.02,0.00,-0.01,0.424,0.585,0.16,3,15
2015-09-14T12:54:48.20Z,35.0176349,-79.1933115,92.156,0.00,0.00,0.04,0.425,0.585,0.17,3,15
2015-09-14T12:54:48.40Z,35.0176350,-79.1933117,92.155,0.00,-0.03,0.01,0.425,0.585,0.12,3,15
2015-09-14T12:54:48.60Z,35.0176350,-79.1933119,92.145,-0.04,-0.01,0.01,0.426,0.585,0.12,3,15
2015-09-14T12:54:48.80Z,35.0176350,-79.1933120,92.128,-0.03,0.00,0.02,0.426,0.585,0.15,3,15
2015-09-14T12:54:49.00Z,35.0176350,-79.1933126,92.117,-0.04,-0.20,-0.01,0.426,0.585,0.12,3,15
2015-09-14T12:54:49.20Z,35.0176351,-79.1933130,92.090,-0.05,-0.16,-0.02,0.426,0.585,0.12,3,15
2015-09-14T12:54:49.40Z,35.0176351,-79.1933127,92.073,-0.03,0.14,-0.01,0.425,0.585,0.13,3,15
2015-09-14T12:54:49.60Z,35.0176351,-79.1933125,92.064,-0.03,0.11,0.03,0.425,0.585,0.15,3,15
2015-09-14T12:54:49.80Z,35.0176351,-79.1933124,92.043,-0.02,0.02,0.02,0.426,0.586,0.17,3,15
2015-09-14T12:54:50.00Z,35.0176352,-79.1933123,92.029,0.02,0.04,0.03,0.426,0.587,0.16,3,15
2015-09-14T12:54:50.20Z,35.0176353,-79.1933123,92.015,0.01,-0.01,0.00,0.426,0.588,0.14,3,15
2015-09-14T12:54:50.40Z,35.0176355,-79.1933123,92.000,0.03,0.00,0.00,0.426,0.590,0.15,3,15
2015-09-14T12:54:50.60Z,35.0176357,-79.1933123,91.989,0.03,0.00,0.01,0.427,0.591,0.17,3,14
2015-09-14T12:54:50.80Z,35.0176358,-79.1933121,91.981,0.02,0.05,0.00,0.427,0.593,0.13,3,15
2015-09-14T12:54:51.00Z,35.0176361,-79.1933120,91.973,0.10,-0.02,-0.04,0.428,0.594,0.16,3,15
2015-09-14T12:54:51.20Z,35.0176363,-79.1933120,91.973,0.08,-0.05,-0.03,0.429,0.595,0.17,3,15
2015-09-14T12:54:51.40Z,35.0176364,-79.1933120,91.976,0.02,-0.03,-0.03,0.429,0.596,0.18,3,15
2015-09-14T12:54:51.60Z,35.0176365,-79.1933121,91.984,0.01,0.01,0.02,0.430,0.597,0.19,3,15
2015-09-14T12:54:51.80Z,35.0176366,-79.1933120,91.993,0.01,0.03,0.04,0.431,0.598,0.18,3,15
2015-09-14T12:54:52.00Z,35.0176367,-79.1933121,92.001,0.01,-0.01,0.03,0.432,0.598,0.17,3,15
2015-09-14T12:54:52.20Z,35.0176368,-79.1933122,92.002,-0.01,0.01,0.05,0.433,0.599,0.18,3,15
2015-09-14T12:54:52.40Z,35.0176368,-79.1933125,92.016,-0.04,-0.07,0.02,0.433,0.599,0.11,3,15
2015-09-14T12:54:52.60Z,35.0176368,-79.1933132,92.011,-0.12,-0.26,0.02,0.433,0.600,0.12,3,15
2015-09-14T12:54:52.80Z,35.0176369,-79.1933137,92.003,-0.03,-0.16,0.00,0.433,0.600,0.12,3,15
2015-09-14T12:54:53.00Z,35.0176371,-79.1933141,92.001,0.00,-0.11,0.00,0.433,0.600,0.13,3,15
2015-09-14T12:54:53.20Z,35.0176372,-79.1933143,92.011,0.03,-0.04,0.00,0.432,0.600,0.15,3,15
2015-09-14T12:54:53.40Z,35.0176374,-79.1933144,92.024,0.01,-0.05,-0.01,0.432,0.600,0.15,3,15
2015-09-14T12:54:53.60Z,35.0176375,-79.1933145,92.040,0.04,-0.02,-0.02,0.432,0.601,0.16,3,15
2015-09-14T12:54:53.80Z,35.0176375,-79.1933146,92.043,0.00,-0.04,0.01,0.431,0.601,0.12,3,15
2015-09-14T12:54:54.00Z,35.0176376,-79.1933145,92.055,0.02,-0.01,-0.02,0.431,0.601,0.17,3,15
2015-09-14T12:54:54.20Z,35.0176376,-79.1933145,92.066,0.02,0.00,-0.01,0.430,0.600,0.14,3,15
2015-09-14T12:54:54.40Z,35.0176375,-79.1933144,92.085,-0.01,0.01,-0.01,0.430,0.600,0.14,3,15
2015-09-14T12:54:54.60Z,35.0176374,-79.1933144,92.096,-0.01,-0.05,0.05,0.430,0.600,0.13,3,15
2015-09-14T12:54:54.80Z,35.0176373,-79.1933147,92.093,0.02,-0.16,0.12,0.429,0.599,0.12,3,15
2015-09-14T12:54:55.00Z,35.0176371,-79.1933148,92.095,-0.03,-0.10,0.06,0.428,0.598,0.11,3,15
2015-09-14T12:54:55.20Z,35.0176368,-79.1933152,92.073,-0.11,-0.17,0.15,0.428,0.598,0.12,3,15
2015-09-14T12:54:55.40Z,35.0176362,-79.1933152,92.020,-0.25,-0.09,0.21,0.427,0.597,0.15,3,15
2015-09-14T12:54:55.60Z,35.0176357,-79.1933155,92.006,-0.21,-0.14,0.11,0.427,0.597,0.13,3,15
2015-09-14T12:54:55.80Z,35.0176354,-79.1933161,91.891,-0.10,-0.32,0.48,0.426,0.595,0.14,3,15
2015-09-14T12:54:56.00Z,35.0176347,-79.1933168,91.870,-0.30,-0.30,0.20,0.425,0.593,0.10,3,15
2015-09-14T12:54:56.20Z,35.0176343,-79.1933170,91.835,-0.17,-0.15,0.21,0.424,0.592,0.12,3,15
2015-09-14T12:54:56.40Z,35.0176339,-79.1933173,91.825,-0.20,-0.14,0.14,0.425,0.592,0.11,3,15
2015-09-14T12:54:56.60Z,35.0176337,-79.1933172,91.852,-0.10,0.05,0.01,0.426,0.592,0.16,3,15
2015-09-14T12:54:56.80Z,35.0176334,-79.1933170,91.874,-0.11,0.10,0.01,0.427,0.593,0.17,3,15
2015-09-14T12:54:57.00Z,35.0176333,-79.1933167,91.899,-0.04,0.10,0.00,0.428,0.593,0.16,3,15
2015-09-14T12:54:57.20Z,35.0176333,-79.1933165,91.946,0.04,0.13,-0.09,0.428,0.593,0.11,3,15
2015-09-14T12:54:57.40Z,35.0176334,-79.1933165,91.984,0.09,-0.01,-0.06,0.428,0.593,0.14,3,15
2015-09-14T12:54:57.60Z,35.0176333,-79.1933164,92.032,0.05,0.05,-0.08,0.427,0.592,0.13,3,15
2015-09-14T12:54:57.80Z,35.0176332,-79.1933161,92.086,0.01,0.09,-0.07,0.426,0.590,0.11,3,15
2015-09-14T12:54:58.00Z,35.0176331,-79.1933159,92.140,-0.02,0.10,-0.12,0.425,0.588,0.13,3,15
2015-09-14T12:54:58.20Z,35.0176329,-79.1933157,92.188,-0.06,0.09,-0.14,0.424,0.587,0.14,3,15
2015-09-14T12:54:58.40Z,35.0176327,-79.1933157,92.228,-0.07,0.02,-0.03,0.423,0.585,0.14,3,15
2015-09-14T12:54:58.60Z,35.0176325,-79.1933158,92.224,-0.11,-0.03,0.12,0.423,0.583,0.13,3,15
2015-09-14T12:54:58.80Z,35.0176322,-79.1933158,92.234,-0.07,-0.03,0.08,0.421,0.580,0.12,3,15
2015-09-14T12:54:59.00Z,35.0176320,-79.1933157,92.269,-0.01,0.02,-0.05,0.420,0.578,0.15,3,15
2015-09-14T12:54:59.20Z,35.0176318,-79.1933157,92.276,-0.04,-0.05,0.03,0.419,0.576,0.10,3,15
2015-09-14T12:54:59.40Z,35.0176316,-79.1933158,92.274,-0.02,-0.05,0.06,0.418,0.574,0.12,3,15
2015-09-14T12:54:59.60Z,35.0176314,-79.1933158,92.291,-0.01,-0.03,0.04,0.417,0.572,0.12,3,15
2015-09-14T12:54:59.80Z,35.0176312,-79.1933157,92.289,0.01,-0.04,0.04,0.416,0.570,0.12,3,15
2015-09-14T12:55:00.00Z,35.0176311,-79.1933156,92.306,0.00,0.02,0.00,0.415,0.569,0.13,3,15
2015-09-14T12:55:00.20Z,35.0176308,-79.1933155,92.302,-0.04,0.01,0.07,0.414,0.567,0.15,3,15
2015-09-14T12:55:00.40Z,35.0176304,-79.1933152,92.310,-0.11,0.08,0.03,0.413,0.566,0.13,3,15
2015-09-14T12:55:00.60Z,35.0176303,-79.1933150,92.303,-0.03,0.04,0.00,0.412,0.565,0.13,3,15
2015-09-14T12:55:00.80Z,35.0176301,-79.1933148,92.290,0.01,0.02,0.01,0.411,0.564,0.13,3,15
2015-09-14T12:55:01.00Z,35.0176301,-79.1933146,92.292,0.05,0.05,-0.04,0.410,0.563,0.09,3,15
2015-09-14T12:55:01.20Z,35.0176299,-79.1933144,92.323,-0.01,0.07,-0.10,0.410,0.563,0.13,3,15
2015-09-14T12:55:01.40Z,35.0176297,-79.1933142,92.347,0.01,0.11,-0.09,0.410,0.562,0.12,3,15
2015-09-14T12:55:01.60Z,35.0176296,-79.1933140,92.361,0.01,0.05,-0.07,0.410,0.562,0.12,3,15
2015-09-14T12:55:01.80Z,35.0176298,-79.1933138,92.394,0.21,0.04,-0.19,0.410,0.562,0.15,3,15
2015-09-14T12:55:02.00Z,35.0176299,-79.1933130,92.455,0.17,0.32,-0.35,0.409,0.562,0.13,3,15
2015-09-14T12:55:02.20Z,35.0176298,-79.1933124,92.515,0.04,0.31,-0.23,0.409,0.562,0.12,3,15
2015-09-14T12:55:02.40Z,35.0176297,-79.1933120,92.521,0.04,0.18,-0.06,0.408,0.562,0.10,3,15
2015-09-14T12:55:02.60Z,35.0176299,-79.1933116,92.529,0.19,0.14,-0.06,0.408,0.562,0.11,3,15
2015-09-14T12:55:02.80Z,35.0176307,-79.1933115,92.548,0.45,0.11,-0.09,0.408,0.562,0.13,3,15
2015-09-14T12:55:03.00Z,35.0176311,-79.1933117,92.582,0.33,-0.08,-0.10,0.409,0.561,0.15,3,15
2015-09-14T12:55:03.20Z,35.0176311,-79.1933122,92.582,0.03,-0.25,0.01,0.409,0.562,0.14,3,15
2015-09-14T12:55:03.40Z,35.0176304,-79.1933130,92.583,-0.31,-0.32,0.03,0.410,0.562,0.11,3,15
2015-09-14T12:55:03.60Z,35.0176295,-79.1933144,92.584,-0.52,-0.64,-0.03,0.411,0.562,0.12,3,15
2015-09-14T12:55:03.80Z,35.0176293,-79.1933158,92.580,-0.11,-0.59,-0.03,0.411,0.562,0.12,3,15
2015-09-14T12:55:04.00Z,35.0176296,-79.1933165,92.576,0.19,-0.31,-0.03,0.411,0.561,0.15,3,15
2015-09-14T12:55:04.20Z,35.0176301,-79.1933168,92.594,0.29,-0.17,-0.10,0.411,0.561,0.16,3,15
2015-09-14T12:55:04.40Z,35.0176304,-79.1933171,92.583,0.21,-0.11,-0.01,0.410,0.561,0.14,3,15
2015-09-14T12:55:04.60Z,35.0176306,-79.1933173,92.567,0.13,-0.13,0.02,0.410,0.561,0.14,3,15
2015-09-14T12:55:04.80Z,35.0176309,-79.1933176,92.542,0.15,-0.11,0.07,0.410,0.561,0.14,3,15
2015-09-14T12:55:05.00Z,35.0176311,-79.1933178,92.531,0.12,-0.09,0.06,0.410,0.562,0.14,3,15
2015-09-14T12:55:05.20Z,35.0176312,-79.1933179,92.527,0.10,-0.04,0.03,0.409,0.562,0.14,3,15
2015-09-14T12:55:05.40Z,35.0176313,-79.1933181,92.526,0.05,-0.08,0.03,0.409,0.562,0.13,3,15
2015-09-14T12:55:05.60Z,35.0176314,-79.1933183,92.533,0.10,-0.07,-0.03,0.409,0.562,0.15,3,15
2015-09-14T12:55:05.80Z,35.0176314,-79.1933184,92.547,0.01,-0.05,-0.02,0.409,0.562,0.14,3,15
2015-09-14T12:55:06.00Z,35.0176314,-79.1933184,92.560,0.03,0.02,0.01,0.409,0.561,0.13,3,15
2015-09-14T12:55:06.20Z,35.0176313,-79.1933185,92.570,-0.04,-0.05,0.00,0.408,0.561,0.11,3,15
2015-09-14T12:55:06.40Z,35.0176311,-79.1933190,92.574,-0.09,-0.23,0.02,0.408,0.561,0.11,3,15
2015-09-14T12:55:06.60Z,35.0176305,-79.1933196,92.586,-0.33,-0.27,0.01,0.408,0.560,0.11,3,15
2015-09-14T12:55:06.80Z,35.0176296,-79.1933202,92.630,-0.43,-0.28,-0.12,0.408,0.560,0.12,3,15
2015-09-14T12:55:07.00Z,35.0176290,-79.1933208,92.658,-0.33,-0.24,-0.03,0.408,0.560,0.12,3,15
2015-09-14T12:55:07.20Z,35.0176289,-79.1933217,92.659,-0.06,-0.41,0.05,0.408,0.561,0.11,3,15
2015-09-14T12:55:07.40Z,35.0176293,-79.1933229,92.661,0.22,-0.57,0.04,0.408,0.562,0.13,3,15
2015-09-14T12:55:07.60Z,35.0176300,-79.1933243,92.725,0.35,-0.62,-0.14,0.408,0.563,0.15,3,15
2015-09-14T12:55:07.80Z,35.0176304,-79.1933251,92.789,0.22,-0.35,-0.26,0.409,0.565,0.17,3,15
2015-09-14T12:55:08.00Z,35.0176306,-79.1933260,92.821,0.13,-0.39,-0.08,0.409,0.566,0.14,3,15
2015-09-14T12:55:08.20Z,35.0176305,-79.1933260,92.826,-0.06,-0.03,0.03,0.410,0.568,0.13,3,15
2015-09-14T12:55:08.40Z,35.0176304,-79.1933264,92.847,-0.08,-0.20,-0.04,0.410,0.570,0.14,3,15
2015-09-14T12:55:08.60Z,35.0176304,-79.1933267,92.864,0.04,-0.13,-0.04,0.410,0.571,0.15,3,15
2015-09-14T12:55:08.80Z,35.0176307,-79.1933270,92.869,0.20,-0.18,-0.07,0.410,0.573,0.15,3,15
2015-09-14T12:55:09.00Z,35.0176310,-79.1933273,92.871,0.14,-0.20,-0.02,0.410,0.572,0.14,3,15
2015-09-14T12:55:09.20Z,35.0176309,-79.1933276,92.867,-0.05,-0.15,0.02,0.410,0.572,0.11,3,15
2015-09-14T12:55:09.40Z,35.0176309,-79.1933280,92.856,-0.04,-0.20,0.03,0.410,0.571,0.11,3,15
2015-09-14T12:55:09.60Z,35.0176312,-79.1933280,92.854,0.17,-0.02,0.03,0.410,0.571,0.14,3,15
2015-09-14T12:55:09.80Z,35.0176313,-79.1933282,92.853,0.03,-0.04,0.03,0.410,0.570,0.15,3,15
2015-09-14T12:55:10.00Z,35.0176314,-79.1933282,92.847,0.00,-0.01,0.01,0.410,0.570,0.11,3,15
2015-09-14T12:55:10.20Z,35.0176316,-79.1933277,92.860,0.08,0.20,-0.12,0.409,0.570,0.11,3,15
2015-09-14T12:55:10.40Z,35.0176318,-79.1933274,92.866,0.03,0.17,-0.06,0.409,0.569,0.12,3,15
2015-09-14T12:55:10.60Z,35.0176319,-79.1933272,92.862,0.02,0.16,-0.03,0.410,0.570,0.13,3,15
2015-09-14T12:55:10.80Z,35.0176320,-79.1933269,92.851,-0.04,0.12,0.02,0.411,0.571,0.16,3,15
2015-09-14T12:55:11.00Z,35.0176321,-79.1933267,92.834,0.00,0.13,0.02,0.412,0.572,0.15,3,15
2015-09-14T12:55:11.20Z,35.0176321,-79.1933264,92.813,-0.04,0.17,0.07,0.412,0.573,0.16,3,15
2015-09-14T12:55:11.40Z,35.0176322,-79.1933264,92.797,-0.01,0.03,0.03,0.413,0.574,0.18,3,15
2015-09-14T12:55:11.60Z,35.0176324,-79.1933264,92.784,0.02,0.05,0.04,0.414,0.575,0.17,3,15
2015-09-14T12:55:11.80Z,35.0176326,-79.1933265,92.780,-0.01,0.04,0.01,0.415,0.576,0.16,3,15
2015-09-14T12:55:12.00Z,35.0176327,-79.1933264,92.760,0.02,0.04,0.00,0.415,0.577,0.12,3,15
2015-09-14T12:55:12.20Z,35.0176330,-79.1933265,92.747,0.06,0.03,0.02,0.416,0.578,0.14,3,15
2015-09-14T12:55:12.40Z,35.0176332,-79.1933265,92.735,0.04,0.00,0.02,0.417,0.579,0.15,3,15
2015-09-14T12:55:12.60Z,35.0176333,-79.1933266,92.731,0.00,0.00,0.02,0.418,0.580,0.18,3,15
2015-09-14T12:55:12.80Z,35.0176334,-79.1933268,92.722,-0.01,-0.03,0.00,0.418,0.581,0.11,3,15
2015-09-14T12:55:13.00Z,35.0176336,-79.1933271,92.720,0.00,-0.05,-0.01,0.419,0.583,0.15,3,15
2015-09-14T12:55:13.20Z,35.0176338,-79.1933288,92.700,0.01,-0.67,0.10,0.419,0.584,0.12,3,15
2015-09-14T12:55:13.40Z,35.0176341,-79.1933294,92.650,0.08,-0.23,0.13,0.419,0.584,0.13,3,15
2015-09-14T12:55:13.60Z,35.0176347,-79.1933301,92.629,0.20,-0.22,0.09,0.419,0.584,0.14,3,15
2015-09-14T12:55:13.80Z,35.0176351,-79.1933304,92.623,0.18,-0.09,0.04,0.418,0.584,0.14,3,15
2015-09-14T12:55:14.00Z,35.0176354,-79.1933307,92.610,0.12,-0.15,0.01,0.418,0.583,0.14,3,15
2015-09-14T12:55:14.20Z,35.0176356,-79.1933310,92.591,0.04,-0.14,0.05,0.418,0.582,0.13,3,15
2015-09-14T12:55:14.40Z,35.0176354,-79.1933313,92.581,-0.12,-0.18,0.04,0.417,0.582,0.10,3,15
2015-09-14T12:55:14.60Z,35.0176352,-79.1933315,92.562,-0.12,-0.11,0.08,0.417,0.582,0.11,3,15
2015-09-14T12:55:14.80Z,35.0176350,-79.1933314,92.566,-0.13,0.05,0.02,0.417,0.582,0.15,3,15
2015-09-14T12:55:15.00Z,35.0176348,-79.1933312,92.571,-0.09,0.09,-0.04,0.416,0.582,0.14,3,15
2015-09-14T12:55:15.20Z,35.0176349,-79.1933310,92.581,0.00,0.10,-0.08,0.416,0.582,0.13,3,15
2015-09-14T12:55:15.40Z,35.0176347,-79.1933312,92.571,-0.11,-0.08,0.03,0.416,0.582,0.11,3,15
2015-09-14T12:55:15.60Z,35.0176345,-79.1933312,92.573,-0.10,-0.06,-0.04,0.416,0.582,0.13,3,15
2015-09-14T12:55:15.80Z,35.0176347,-79.1933311,92.611,0.08,0.07,-0.16,0.416,0.581,0.14,3,15
2015-09-14T12:55:16.00Z,35.0176347,-79.1933306,92.657,0.02,0.24,-0.22,0.415,0.581,0.12,3,15
2015-09-14T12:55:16.20Z,35.0176342,-79.1933306,92.661,-0.28,0.00,-0.03,0.415,0.582,0.14,3,15
2015-09-14T12:55:16.40Z,35.0176332,-79.1933312,92.654,-0.56,-0.25,0.06,0.416,0.583,0.13,3,15
2015-09-14T12:55:16.60Z,35.0176319,-79.1933324,92.661,-0.73,-0.56,-0.02,0.417,0.584,0.13,3,14
2015-09-14T12:55:16.80Z,35.0176314,-79.1933346,92.640,-0.33,-1.02,0.04,0.418,0.585,0.12,3,14
2015-09-14T12:55:17.00Z,35.0176315,-79.1933371,92.593,0.02,-1.18,0.16,0.418,0.584,0.13,3,14
2015-09-14T12:55:17.20Z,35.0176313,-79.1933398,92.679,-0.10,-1.22,-0.29,0.419,0.585,0.14,3,14
2015-09-14T12:55:17.40Z,35.0176309,-79.1933423,92.665,-0.26,-1.19,0.02,0.420,0.586,0.12,3,14
2015-09-14T12:55:17.60Z,35.0176302,-79.1933450,92.714,-0.39,-1.24,-0.19,0.422,0.587,0.13,3,15
2015-09-14T12:55:17.80Z,35.0176301,-79.1933484,92.704,-0.04,-1.57,0.00,0.422,0.589,0.13,3,15
2015-09-14T12:55:18.00Z,35.0176306,-79.1933516,92.682,0.18,-1.46,-0.02,0.423,0.590,0.13,3,15
2015-09-14T12:55:18.20Z,35.0176303,-79.1933545,92.727,-0.20,-1.33,-0.19,0.422,0.590,0.13,3,15
2015-09-14T12:55:18.40Z,35.0176297,-79.1933570,92.675,-0.38,-1.16,0.07,0.422,0.589,0.11,3,15
2015-09-14T12:55:18.60Z,35.0176289,-79.1933598,92.719,-0.47,-1.27,-0.18,0.421,0.588,0.12,3,15
2015-09-14T12:55:18.80Z,35.0176290,-79.1933625,92.689,-0.02,-1.24,0.04,0.421,0.587,0.11,3,15
2015-09-14T12:55:19.00Z,35.0176294,-79.1933649,92.657,0.20,-1.09,0.07,0.420,0.587,0.12,3,15
2015-09-14T12:55:19.20Z,35.0176297,-79.1933675,92.679,0.09,-1.18,-0.12,0.421,0.587,0.14,3,15
2015-09-14T12:55:19.40Z,35.0176296,-79.1933703,92.625,-0.07,-1.30,0.15,0.421,0.588,0.12,3,15
2015-09-14T12:55:19.60Z,35.0176293,-79.1933736,92.646,-0.18,-1.53,-0.11,0.422,0.588,0.13,3,15
2015-09-14T12:55:19.80Z,35.0176297,-79.1933769,92.611,0.16,-1.53,0.05,0.421,0.588,0.13,3,15
2015-09-14T12:55:20.00Z,35.0176305,-79.1933804,92.541,0.40,-1.62,0.18,0.420,0.586,0.11,3,15
2015-09-14T12:55:20.20Z,35.0176308,-79.1933837,92.579,0.23,-1.52,-0.11,0.419,0.585,0.11,3,15
2015-09-14T12:55:20.40Z,35.0176308,-79.1933871,92.495,0.00,-1.60,0.30,0.418,0.583,0.10,3,15
2015-09-14T12:55:20.60Z,35.0176309,-79.1933907,92.538,0.11,-1.62,-0.03,0.417,0.581,0.12,3,15
2015-09-14T12:55:20.80Z,35.0176317,-79.1933940,92.479,0.45,-1.56,0.24,0.416,0.580,0.12,3,15
2015-09-14T12:55:21.00Z,35.0176326,-79.1933972,92.478,0.47,-1.48,0.04,0.415,0.578,0.13,3,15
2015-09-14T12:55:21.20Z,35.0176330,-79.1934007,92.480,0.21,-1.63,0.00,0.414,0.577,0.12,3,15
2015-09-14T12:55:21.40Z,35.0176334,-79.1934046,92.414,0.28,-1.80,0.25,0.414,0.575,0.12,3,15
2015-09-14T12:55:21.60Z,35.0176343,-79.1934082,92.416,0.48,-1.68,-0.03,0.413,0.574,0.12,3,15
2015-09-14T12:55:21.80Z,35.0176356,-79.1934115,92.346,0.66,-1.56,0.20,0.412,0.572,0.11,3,15
2015-09-14T12:55:22.00Z,35.0176364,-79.1934151,92.375,0.41,-1.63,-0.17,0.411,0.571,0.12,3,15
2015-09-14T12:55:22.20Z,35.0176368,-79.1934188,92.288,0.23,-1.74,0.23,0.410,0.569,0.10,3,15
2015-09-14T12:55:22.40Z,35.0176374,-79.1934220,92.315,0.32,-1.52,-0.12,0.409,0.568,0.11,3,15
2015-09-14T12:55:22.60Z,35.0176386,-79.1934252,92.254,0.65,-1.49,0.17,0.408,0.567,0.11,3,15
2015-09-14T12:55:22.80Z,35.0176396,-79.1934283,92.264,0.55,-1.41,-0.10,0.408,0.566,0.12,3,15
2015-09-14T12:55:23.00Z,35.0176398,-79.1934313,92.250,0.08,-1.44,0.00,0.407,0.565,0.11,3,15
2015-09-14T12:55:23.20Z,35.0176400,-79.1934343,92.241,0.13,-1.39,0.03,0.406,0.564,0.11,3,15
2015-09-14T12:55:23.40Z,35.0176409,-79.1934371,92.282,0.47,-1.30,-0.17,0.406,0.563,0.13,3,15
2015-09-14T12:55:23.60Z,35.0176422,-79.1934397,92.221,0.71,-1.20,0.18,0.405,0.562,0.13,3,15
2015-09-14T12:55:23.80Z,35.0176433,-79.1934423,92.273,0.56,-1.22,-0.18,0.405,0.562,0.14,3,15
2015-09-14T12:55:24.00Z,35.0176439,-79.1934455,92.207,0.36,-1.51,0.14,0.405,0.561,0.12,3,15
2015-09-14T12:55:24.20Z,35.0176445,-79.1934489,92.209,0.28,-1.57,-0.05,0.405,0.561,0.13,3,15
2015-09-14T12:55:24.40Z,35.0176459,-79.1934520,92.197,0.72,-1.44,-0.05,0.405,0.560,0.14,3,15
2015-09-14T12:55:24.60Z,35.0176473,-79.1934551,92.193,0.77,-1.46,-0.03,0.405,0.560,0.13,3,15
2015-09-14T12:55:24.80Z,35.0176479,-79.1934579,92.222,0.31,-1.33,-0.19,0.405,0.560,0.13,3,15
2015-09-14T12:55:25.00Z,35.0176484,-79.1934608,92.187,0.25,-1.37,0.02,0.405,0.560,0.12,3,15
2015-09-14T12:55:25.20Z,35.0176495,-79.1934634,92.235,0.56,-1.23,-0.22,0.405,0.561,0.14,3,15
2015-09-14T12:55:25.40Z,35.0176510,-79.1934655,92.157,0.81,-1.02,0.21,0.405,0.562,0.12,3,15
2015-09-14T12:55:25.60Z,35.0176526,-79.1934676,92.222,0.81,-0.96,-0.23,0.405,0.562,0.14,3,15
2015-09-14T12:55:25.80Z,35.0176536,-79.1934697,92.230,0.55,-0.98,-0.04,0.405,0.563,0.13,3,15
2015-09-14T12:55:26.00Z,35.0176548,-79.1934723,92.187,0.65,-1.23,0.16,0.406,0.564,0.12,3,15
2015-09-14T12:55:26.20Z,35.0176561,-79.1934741,92.163,0.70,-0.84,0.10,0.406,0.564,0.13,3,15
2015-09-14T12:55:26.40Z,35.0176578,-79.1934756,92.079,1.00,-0.70,0.34,0.406,0.564,0.12,3,15
2015-09-14T12:55:26.60Z,35.0176601,-79.1934770,91.930,1.30,-0.65,0.64,0.405,0.563,0.12,3,15
2015-09-14T12:55:26.80Z,35.0176613,-79.1934782,91.707,0.73,-0.55,1.07,0.405,0.563,0.15,3,15
2015-09-14T12:55:27.00Z,35.0176622,-79.1934786,91.462,0.51,-0.19,1.10,0.405,0.563,0.15,3,15
2015-09-14T12:55:27.20Z,35.0176624,-79.1934789,91.338,0.13,-0.12,0.76,0.406,0.563,0.16,3,15
2015-09-14T12:55:27.40Z,35.0176625,-79.1934794,91.334,0.08,-0.19,0.26,0.407,0.563,0.14,3,15
2015-09-14T12:55:27.60Z,35.0176625,-79.1934799,91.400,-0.03,-0.18,-0.09,0.408,0.563,0.15,3,15
2015-09-14T12:55:27.80Z,35.0176623,-79.1934809,91.597,-0.04,-0.39,-0.76,0.408,0.563,0.19,3,15
2015-09-14T12:55:28.00Z,35.0176622,-79.1934815,91.933,0.02,-0.19,-1.36,0.409,0.565,0.19,3,14
2015-09-14T12:55:28.20Z,35.0176624,-79.1934818,92.081,0.22,-0.16,-0.77,0.409,0.566,0.20,3,15
2015-09-14T12:55:28.40Z,35.0176628,-79.1934834,92.215,0.25,-0.70,-0.63,0.409,0.566,0.18,3,15
2015-09-14T12:55:28.60Z,35.0176631,-79.1934861,92.184,0.26,-1.31,-0.11,0.409,0.565,0.13,3,15
2015-09-14T12:55:28.80Z,35.0176633,-79.1934887,92.207,0.12,-1.23,-0.15,0.409,0.564,0.13,3,15
2015-09-14T12:55:29.00Z,35.0176643,-79.1934905,92.276,0.57,-0.85,-0.28,0.408,0.564,0.15,3,15
2015-09-14T12:55:29.20Z,35.0176655,-79.1934923,92.241,0.69,-0.86,0.07,0.408,0.563,0.13,3,15
2015-09-14T12:55:29.40Z,35.0176663,-79.1934942,92.310,0.48,-0.79,-0.17,0.408,0.562,0.14,3,15
2015-09-14T12:55:29.60Z,35.0176668,-79.1934967,92.286,0.31,-1.18,0.03,0.408,0.562,0.13,3,15
2015-09-14T12:55:29.80Z,35.0176670,-79.1934997,92.282,0.12,-1.37,0.04,0.407,0.562,0.12,3,15
2015-09-14T12:55:30.00Z,35.0176679,-79.1935020,92.312,0.51,-1.02,-0.09,0.407,0.562,0.14,3,15
2015-09-14T12:55:30.20Z,35.0176692,-79.1935044,92.271,0.76,-1.11,0.12,0.407,0.561,0.13,3,15
2015-09-14T12:55:30.40Z,35.0176702,-79.1935068,92.317,0.52,-1.09,-0.10,0.407,0.561,0.13,3,15
2015-09-14T12:55:30.60Z,35.0176708,-79.1935096,92.294,0.36,-1.28,0.14,0.406,0.560,0.12,3,15
2015-09-14T12:55:30.80Z,35.0176711,-79.1935126,92.284,0.23,-1.35,0.06,0.406,0.560,0.12,3,15
2015-09-14T12:55:31.00Z,35.0176725,-79.1935150,92.334,0.75,-1.06,-0.11,0.406,0.560,0.14,3,15
2015-09-14T12:55:31.20Z,35.0176741,-79.1935177,92.259,0.94,-1.24,0.22,0.406,0.559,0.12,3,15
2015-09-14T12:55:31.40Z,35.0176751,-79.1935201,92.338,0.56,-1.05,-0.21,0.406,0.559,0.14,3,15
2015-09-14T12:55:31.60Z,35.0176756,-79.1935227,92.366,0.32,-1.20,-0.11,0.406,0.559,0.13,3,15
2015-09-14T12:55:31.80Z,35.0176758,-79.1935260,92.317,0.16,-1.52,0.15,0.406,0.559,0.12,3,15
2015-09-14T12:55:32.00Z,35.0176764,-79.1935287,92.396,0.38,-1.21,-0.19,0.406,0.559,0.14,3,15
2015-09-14T12:55:32.20Z,35.0176774,-79.1935315,92.354,0.61,-1.29,0.15,0.406,0.559,0.13,3,15
2015-09-14T12:55:32.40Z,35.0176783,-79.1935340,92.400,0.51,-1.08,-0.11,0.406,0.559,0.14,3,15
2015-09-14T12:55:32.60Z,35.0176783,-79.1935368,92.424,0.09,-1.24,-0.08,0.406,0.559,0.13,3,15
2015-09-14T12:55:32.80Z,35.0176783,-79.1935396,92.415,0.03,-1.24,0.02,0.406,0.559,0.12,3,15
2015-09-14T12:55:33.00Z,35.0176787,-79.1935421,92.465,0.30,-1.10,-0.15,0.406,0.558,0.13,3,15
2015-09-14T12:55:33.20Z,35.0176795,-79.1935446,92.425,0.51,-1.13,0.08,0.405,0.557,0.13,3,15
2015-09-14T12:55:33.40Z,35.0176800,-79.1935471,92.521,0.25,-1.10,-0.24,0.405,0.556,0.14,3,15
2015-09-14T12:55:33.60Z,35.0176801,-79.1935498,92.490,0.11,-1.23,0.05,0.405,0.555,0.13,3,15
2015-09-14T12:55:33.80Z,35.0176800,-79.1935527,92.534,-0.01,-1.31,-0.08,0.405,0.553,0.13,3,15
2015-09-14T12:55:34.00Z,35.0176810,-79.1935555,92.537,0.53,-1.29,-0.02,0.405,0.553,0.14,3,15
2015-09-14T12:55:34.20Z,35.0176824,-79.1935584,92.475,0.74,-1.35,0.17,0.405,0.553,0.13,3,15
2015-09-14T12:55:34.40Z,35.0176832,-79.1935613,92.522,0.39,-1.35,-0.14,0.404,0.552,0.13,3,15
2015-09-14T12:55:34.60Z,35.0176834,-79.1935643,92.456,0.07,-1.40,0.20,0.404,0.552,0.12,3,15
2015-09-14T12:55:34.80Z,35.0176834,-79.1935672,92.468,0.02,-1.33,-0.02,0.404,0.551,0.12,3,15
2015-09-14T12:55:35.00Z,35.0176842,-79.1935702,92.432,0.42,-1.38,0.12,0.403,0.551,0.13,3,15
2015-09-14T12:55:35.20Z,35.0176852,-79.1935732,92.407,0.57,-1.36,0.10,0.403,0.551,0.13,3,15
2015-09-14T12:55:35.40Z,35.0176855,-79.1935757,92.451,0.17,-1.15,-0.18,0.403,0.551,0.13,3,15
2015-09-14T12:55:35.60Z,35.0176855,-79.1935785,92.397,0.07,-1.26,0.20,0.403,0.551,0.12,3,15
2015-09-14T12:55:35.80Z,35.0176853,-79.1935814,92.424,-0.10,-1.31,-0.06,0.402,0.550,0.12,3,15
2015-09-14T12:55:36.00Z,35.0176859,-79.1935841,92.410,0.35,-1.23,0.05,0.402,0.550,0.13,3,15
2015-09-14T12:55:36.20Z,35.0176867,-79.1935870,92.387,0.46,-1.33,0.09,0.402,0.549,0.13,3,15
2015-09-14T12:55:36.40Z,35.0176871,-79.1935898,92.457,0.23,-1.28,-0.22,0.402,0.549,0.14,3,15
2015-09-14T12:55:36.60Z,35.0176872,-79.1935931,92.383,0.08,-1.50,0.20,0.401,0.548,0.11,3,15
2015-09-14T12:55:36.80Z,35.0176873,-79.1935962,92.438,0.07,-1.40,-0.19,0.401,0.547,0.13,3,15
2015-09-14T12:55:37.00Z,35.0176880,-79.1935993,92.404,0.44,-1.46,0.10,0.401,0.547,0.13,3,15
2015-09-14T12:55:37.20Z,35.0176889,-79.1936025,92.404,0.45,-1.41,0.01,0.400,0.547,0.12,3,15
2015-09-14T12:55:37.40Z,35.0176890,-79.1936059,92.437,0.06,-1.52,-0.12,0.400,0.546,0.13,3,15
2015-09-14T12:55:37.60Z,35.0176890,-79.1936094,92.392,0.03,-1.60,0.17,0.400,0.545,0.12,3,15
2015-09-14T12:55:37.80Z,35.0176892,-79.1936126,92.443,0.10,-1.42,-0.14,0.400,0.545,0.12,3,15
2015-09-14T12:55:38.00Z,35.0176899,-79.1936154,92.406,0.37,-1.25,0.07,0.399,0.543,0.12,3,15
2015-09-14T12:55:38.20Z,35.0176908,-79.1936186,92.441,0.47,-1.44,-0.17,0.399,0.543,0.13,3,15
2015-09-14T12:55:38.40Z,35.0176908,-79.1936213,92.458,0.02,-1.24,-0.08,0.399,0.543,0.13,3,15
2015-09-14T12:55:38.60Z,35.0176906,-79.1936242,92.424,-0.08,-1.31,0.17,0.399,0.542,0.12,3,15
2015-09-14T12:55:38.80Z,35.0176905,-79.1936273,92.501,-0.08,-1.40,-0.20,0.399,0.541,0.13,3,15
2015-09-14T12:55:39.00Z,35.0176907,-79.1936305,92.416,0.11,-1.49,0.23,0.399,0.540,0.13,3,15
2015-09-14T12:55:39.20Z,35.0176909,-79.1936338,92.477,0.08,-1.53,-0.19,0.400,0.539,0.14,3,15
2015-09-14T12:55:39.40Z,35.0176905,-79.1936372,92.466,-0.26,-1.52,-0.04,0.400,0.539,0.13,3,15
2015-09-14T12:55:39.60Z,35.0176898,-79.1936404,92.450,-0.40,-1.46,0.01,0.400,0.538,0.11,3,15
2015-09-14T12:55:39.80Z,35.0176895,-79.1936436,92.468,-0.16,-1.46,-0.16,0.401,0.537,0.13,3,15
2015-09-14T12:55:40.00Z,35.0176895,-79.1936468,92.366,-0.02,-1.48,0.23,0.401,0.536,0.12,3,15
2015-09-14T12:55:40.20Z,35.0176891,-79.1936501,92.433,-0.20,-1.48,-0.27,0.402,0.536,0.13,3,15
2015-09-14T12:55:40.40Z,35.0176884,-79.1936537,92.346,-0.43,-1.60,0.19,0.402,0.535,0.11,3,15
2015-09-14T12:55:40.60Z,35.0176876,-79.1936569,92.368,-0.46,-1.42,-0.10,0.402,0.534,0.11,3,15
2015-09-14T12:55:40.80Z,35.0176871,-79.1936602,92.344,-0.26,-1.48,-0.02,0.402,0.533,0.13,3,15
2015-09-14T12:55:41.00Z,35.0176867,-79.1936637,92.287,-0.22,-1.53,0.13,0.401,0.532,0.11,3,15
2015-09-14T12:55:41.20Z,35.0176858,-79.1936673,92.298,-0.49,-1.61,-0.14,0.402,0.531,0.13,3,15
2015-09-14T12:55:41.40Z,35.0176845,-79.1936709,92.192,-0.74,-1.67,0.21,0.402,0.531,0.10,3,15
2015-09-14T12:55:41.60Z,35.0176835,-79.1936746,92.234,-0.53,-1.60,-0.23,0.403,0.531,0.12,3,15
2015-09-14T12:55:41.80Z,35.0176833,-79.1936777,92.150,-0.09,-1.43,0.14,0.402,0.530,0.12,3,15
2015-09-14T12:55:42.00Z,35.0176831,-79.1936810,92.192,-0.14,-1.45,-0.20,0.402,0.530,0.13,3,15
2015-09-14T12:55:42.20Z,35.0176823,-79.1936839,92.161,-0.42,-1.34,0.01,0.403,0.529,0.11,3,15
2015-09-14T12:55:42.40Z,35.0176813,-79.1936873,92.097,-0.55,-1.51,0.17,0.403,0.529,0.10,3,15
2015-09-14T12:55:42.60Z,35.0176807,-79.1936907,92.115,-0.35,-1.54,-0.12,0.404,0.528,0.11,3,15
2015-09-14T12:55:42.80Z,35.0176803,-79.1936942,92.031,-0.20,-1.59,0.21,0.403,0.527,0.11,3,15
2015-09-14T12:55:43.00Z,35.0176798,-79.1936976,92.079,-0.26,-1.54,-0.24,0.403,0.527,0.12,3,15
2015-09-14T12:55:43.20Z,35.0176788,-79.1937008,92.013,-0.55,-1.49,0.11,0.403,0.527,0.11,3,15
2015-09-14T12:55:43.40Z,35.0176778,-79.1937043,92.032,-0.55,-1.57,-0.09,0.403,0.527,0.11,3,15
2015-09-14T12:55:43.60Z,35.0176775,-79.1937077,92.009,-0.17,-1.53,0.03,0.403,0.527,0.12,3,15
2015-09-14T12:55:43.80Z,35.0176772,-79.1937112,91.993,-0.18,-1.58,0.01,0.402,0.526,0.11,3,15
2015-09-14T12:55:44.00Z,35.0176764,-79.1937144,92.032,-0.39,-1.44,-0.19,0.403,0.526,0.12,3,15
2015-09-14T12:55:44.20Z,35.0176753,-79.1937173,91.976,-0.60,-1.32,0.15,0.403,0.525,0.10,3,15
2015-09-14T12:55:44.40Z,35.0176742,-79.1937204,92.007,-0.62,-1.38,-0.07,0.404,0.526,0.11,3,15
2015-09-14T12:55:44.60Z,35.0176733,-79.1937238,91.928,-0.44,-1.54,0.26,0.403,0.526,0.10,3,15
2015-09-14T12:55:44.80Z,35.0176725,-79.1937268,91.961,-0.47,-1.36,-0.10,0.405,0.527,0.13,3,15
2015-09-14T12:55:45.00Z,35.0176720,-79.1937293,91.930,-0.29,-1.12,0.09,0.407,0.532,0.14,3,15
2015-09-14T12:55:45.20Z,35.0176714,-79.1937321,91.924,-0.38,-1.29,0.04,0.410,0.536,0.14,3,15
2015-09-14T12:55:45.40Z,35.0176709,-79.1937353,91.970,-0.24,-1.44,-0.15,0.411,0.538,0.15,3,15
